Command: /home/black/.espressif/python_env/idf6.2_py3.14_env/bin/python /home/black/esp/esp-idf/tools/idf_monitor.py -p /dev/ttyUSB0 -b 115200 --toolchain-prefix xtensa-esp32-elf- --target esp32 --revision 0 /home/black/esp/ledc_basic/build/ledc.elf /home/black/esp/ledc_basic/build/bootloader/bootloader.elf -m '/home/black/.espressif/python_env/idf6.2_py3.14_env/bin/python' '/home/black/esp/esp-idf/tools/idf.py'
[0;32mI (13) boot: ESP-IDF v6.1-dev-6485-g055ba9d3f9c 2nd stage bootloader[0m
[0;32mI (13) boot: compile time Jul 30 2026 22:46:31[0m
[0;32mI (13) boot: Multicore bootloader[0m
[0;32mI (15) boot: chip revision: v3.1[0m
[0;32mI (18) boot.esp32: SPI Speed      : 40MHz[0m
[0;32mI (22) boot.esp32: SPI Mode       : DIO[0m
[0;32mI (25) boot.esp32: SPI Flash Size : 2MB[0m
[0;32mI (29) boot: Enabling RNG early entropy source...[0m
[0;32mI (33) boot: Partition Table:[0m
[0;32mI (36) boot: ## Label            Usage          Type ST Offset   Length[0m
[0;32mI (42) boot:  0 nvs              WiFi data        01 02 00009000 00006000[0m
[0;32mI (49) boot:  1 phy_init         RF data          01 01 0000f000 00001000[0m
[0;32mI (55) boot:  2 factory          factory app      00 00 00010000 00100000[0m
[0;32mI (62) boot: End of partition table[0m
[0;32mI (65) esp_image: segment 0: paddr=00010020 vaddr=3f400020 size=08294h ( 33428) map[0m
[0;32mI (85) esp_image: segment 1: paddr=000182bc vaddr=3ffb0000 size=0299ch ( 10652) load[0m
[0;32mI (90) esp_image: segment 2: paddr=0001ac60 vaddr=40080000 size=053b8h ( 21432) load[0m
[0;32mI (99) esp_image: segment 3: paddr=00020020 vaddr=400d0020 size=0f31ch ( 62236) map[0m
[0;32mI (123) esp_image: segment 4: paddr=0002f344 vaddr=400853b8 size=054e0h ( 21728) load[0m
[0;32mI (132) esp_image: segment 5: paddr=0003482c vaddr=50000000 size=00028h (    40) load[0m
[0;32mI (138) boot: Loaded app from partition at offset 0x10000[0m
[0;32mI (138) boot: Disabling RNG early entropy source...[0m
[0;32mI (150) cpu_start: Multicore app[0m
[0;32mI (159) cpu_start: GPIO 3 and 1 are used as console UART I/O pins[0m
[0;32mI (159) cpu_start: Pro cpu start user code[0m
[0;32mI (159) cpu_start: cpu freq: 160000000 Hz[0m
[0;32mI (161) app_init: Application information:[0m
[0;32mI (165) app_init: Project name:     ledc[0m
[0;32mI (168) app_init: App version:      1[0m
[0;32mI (172) app_init: Compile time:     Jul 30 2026 22:46:39[0m
[0;32mI (177) app_init: ELF file SHA256:  e357f5e05...[0m
[0;32mI (181) app_init: ESP-IDF:          v6.1-dev-6485-g055ba9d3f9c[0m
[0;32mI (187) efuse_init: Min chip rev:     v0.0[0m
[0;32mI (190) efuse_init: Max chip rev:     v3.99 [0m
[0;32mI (194) efuse_init: Chip rev:         v3.1[0m
[0;32mI (199) heap_init: Initializing. RAM available for dynamic allocation:[0m
[0;32mI (205) heap_init: At 3FFAE6E0 len 00001920 (6 KiB): DRAM[0m
[0;32mI (210) heap_init: At 3FFB3418 len 0002CBE8 (178 KiB): DRAM[0m
[0;32mI (215) heap_init: At 3FFE0440 len 00003AE0 (14 KiB): D/IRAM[0m
[0;32mI (220) heap_init: At 3FFE4350 len 0001BCB0 (111 KiB): D/IRAM[0m
[0;32mI (226) heap_init: At 4008A898 len 00015768 (85 KiB): IRAM[0m
[0;33mW (232) spi_flash: Detected boya flash chip but using generic driver. For optimal functionality, enable `SPI_FLASH_SUPPORT_BOYA_CHIP` in menuconfig[0m
[0;32mI (244) spi_flash: detected chip: generic[0m
[0;32mI (248) spi_flash: flash io: dio[0m
[0;33mW (251) spi_flash: Detected size(4096k) larger than the size in the binary image header(2048k). Using the size in the binary image header.[0m
[0;32mI (264) main_task: Started on CPU0[0m
[0;32mI (264) main_task: Calling app_main()[0m
41, 1, 1, 1, 1, 1, 1, 1, 1, 1, 2, 1, 2, 1, 2, 1, 2, 1, 2, 1, 2, 1, 2, 1, 2, 1, 2, 1, 2, 1, 3, 2, 1, 3, 2, 1, 3, 2, 1, 3, 2, 1, 3, 2, 1, 3, 2, 1, 3, 2, 1, 3, 2, 1, 3, 2, 1, 3, 2, 1, 4, 3, 2, 1, 4, 3, 2, 1, 4, 3, 2, 1, 4, 3, 2, 1, 4, 3, 2, 1, 4, 3, 2, 1, 4, 3, 2, 1, 4, 3, 2, 1, 4, 3, 2, 1, 4, 3, 2, 1, 5, 4, 3, 2, 1, 5, 4, 3, 2, 1, 5, 4, 3, 2, 1, 5, 4, 3, 2, 1, 5, 4, 3, 2, 1, 5, 4, 3, 2, 1, 5, 4, 3, 2, 1, 5, 4, 3, 2, 1, 5, 4, 3, 2, 1, 5, 4, 3, 2, 1, 6, 5, 4, 3, 2, 1, 6, 5, 4, 3, 2, 1, 6, 5, 4, 3, 2, 1, 6, 5, 4, 3, 2, 1, 6, 5, 4, 3, 2, 1, 6, 5, 4, 3, 2, 1, 6, 5, 4, 3, 2, 1, 6, 5, 4, 3, 2, 1, 6, 5, 4, 3, 2, 1, 6, 5, 4, 3, 2, 1, 7, 6, 5, 4, 3, 2, 1, 7, 6, 5, 4, 3, 2, 1, 7, 6, 5, 4, 3, 2, 1, 7, 6, 5, 4, 3, 2, 1, 7, 6, 5, 4, 3, 2, 1, 7, 6, 5, 4, 3, 2, 1, 7, 6, 5, 4, 3, 2, 1, 7, 6, 5, 4, 3, 2, 1, 7, 6, 5, 4, 3, 2, 1, 7, 6, 5, 4, 3, 2, 1, 8, 7, 6, 5, 4, 3, 2, 1, 8, 7, 6, 5, 4, 3, 2, 8, 7, 6, 5, 4, 3, 2, 8, 7, 6, 5, 4, 3, 2, 8, 7, 6, 5, 4, 3, 2, 8, 7, 6, 5, 4, 3, 2, 8, 7, 6, 5, 4, 3, 2, 8, 7, 6, 5, 4, 3, 2, 8, 7, 6, 5, 4, 3, 2, 8, 7, 6, 5, 4, 3, 2, 9, 8, 7, 6, 5, 4, 3, 2, 9, 8, 7, 6, 5, 4, 3, 9, 8, 7, 6, 5, 4, 3, 9, 8, 7, 6, 5, 4, 3, 9, 8, 7, 6, 5, 4, 3, 9, 8, 7, 6, 5, 4, 3, 9, 8, 7, 6, 5, 4, 3, 9, 8, 7, 6, 5, 4, 3, 9, 8, 7, 6, 5, 4, 3, 9, 8, 7, 6, 5, 4, 3, 10, 9, 8, 7, 6, 5, 4, 3, 10, 9, 8, 7, 6, 5, 4, 10, 9, 8, 7, 6, 5, 4, 10, 9, 8, 7, 6, 5, 4, 10, 9, 8, 7, 6, 5, 4, 10, 9, 8, 7, 6, 5, 4, 10, 9, 8, 7, 6, 5, 4, 10, 9, 8, 7, 6, 5, 4, 10, 9, 8, 7, 6, 5, 4, 10, 9, 8, 7, 6, 5, 4, 11, 10, 9, 8, 7, 6, 5, 4, 11, 10, 9, 8, 7, 6, 5, 11, 10, 9, 8, 7, 6, 5, 11, 10, 9, 8, 7, 6, 5, 11, 10, 9, 8, 7, 6, 5, 11, 10, 9, 8, 7, 6, 5, 11, 10, 9, 8, 7, 6, 5, 11, 10, 9, 8, 7, 6, 5, 11, 10, 9, 8, 7, 6, 5, 11, 10, 9, 8, 7, 6, 5, 12, 11, 10, 9, 8, 7, 6, 5, 12, 11, 10, 9, 8, 7, 6, 12, 11, 10, 9, 8, 7, 6, 12, 11, 10, 9, 8, 7, 6, 12, 11, 10, 9, 8, 7, 6, 12, 11, 10, 9, 8, 7, 6, 12, 11, 10, 9, 8, 7, 6, 12, 11, 10, 9, 8, 7, 6, 12, 11, 10, 9, 8, 7, 6, 12, 11, 10, 9, 8, 7, 6, 13, 12, 11, 10, 9, 8, 7, 6, 13, 12, 11, 10, 9, 8, 7, 13, 12, 11, 10, 9, 8, 7, 13, 12, 11, 10, 9, 8, 7, 13, 12, 11, 10, 9, 8, 7, 13, 12, 11, 10, 9, 8, 7, 13, 12, 11, 10, 9, 8, 7, 13, 12, 11, 10, 9, 8, 7, 13, 12, 11, 10, 9, 8, 7, 13, 12, 11, 10, 9, 8, 7, 14, 13, 12, 11, 10, 9, 8, 7, 14, 13, 12, 11, 10, 9, 8, 14, 13, 12, 11, 10, 9, 8, 14, 13, 12, 11, 10, 9, 8, 14, 13, 12, 11, 10, 9, 8, 14, 13, 12, 11, 10, 9, 8, 14, 13, 12, 11, 10, 9, 8, 14, 13, 12, 11, 10, 9, 8, 14, 13, 12, 11, 10, 9, 8, 14, 13, 12, 11, 10, 9, 8, 15, 14, 13, 12, 11, 10, 9, 8, 15, 14, 13, 12, 11, 10, 9, 15, 14, 13, 12, 11, 10, 9, 15, 14, 13, 12, 11, 10, 9, 15, 14, 13, 12, 11, 10, 9, 15, 14, 13, 12, 11, 10, 9, 15, 14, 13, 12, 11, 10, 9, 15, 14, 13, 12, 11, 10, 9, 15, 14, 13, 12, 11, 10, 9, 15, 14, 13, 12, 11, 10, 9, 16, 15, 14, 13, 12, 11, 10, 9, 16, 15, 14, 13, 12, 11, 10, 16, 15, 14, 13, 12, 11, 10, 16, 15, 14, 13, 12, 11, 10, 16, 15, 14, 13, 12, 11, 10, 16, 15, 14, 13, 12, 11, 10, 16, 15, 14, 13, 12, 11, 10, 16, 15, 14, 13, 12, 11, 10, 16, 15, 14, 13, 12, 11, 10, 16, 15, 14, 13, 12, 11, 10, 17, 16, 15, 14, 13, 12, 11, 10, 17, 16, 15, 14, 13, 12, 11, 17, 16, 15, 14, 13, 12, 11, 17, 16, 15, 14, 13, 12, 11, 17, 16, 15, 14, 13, 12, 11, 17, 16, 15, 14, 13, 12, 11, 17, 16, 15, 14, 13, 12, 11, 17, 16, 15, 14, 13, 12, 11, 17, 16, 15, 14, 13, 12, 11, 17, 16, 15, 14, 13, 12, 11, 18, 17, 16, 15, 14, 13, 12, 11, 18, 17, 16, 15, 14, 13, 12, 18, 17, 16, 15, 14, 13, 12, 18, 17, 16, 15, 14, 13, 12, 18, 17, 16, 15, 14, 13, 12, 18, 17, 16, 15, 14, 13, 12, 18, 17, 16, 15, 14, 13, 12, 18, 17, 16, 15, 14, 13, 12, 18, 17, 16, 15, 14, 13, 12, 18, 17, 16, 15, 14, 13, 12, 19, 18, 17, 16, 15, 14, 13, 12, 19, 18, 17, 16, 15, 14, 13, 19, 18, 17, 16, 15, 14, 13, 19, 18, 17, 16, 15, 14, 13, 19, 18, 17, 16, 15, 14, 13, 19, 18, 17, 16, 15, 14, 13, 19, 18, 17, 16, 15, 14, 13, 19, 18, 17, 16, 15, 14, 13, 19, 18, 17, 16, 15, 14, 13, 19, 18, 17, 16, 15, 14, 13, 20, 19, 18, 17, 16, 15, 14, 13, 20, 19, 18, 17, 16, 15, 14, 20, 19, 18, 17, 16, 15, 14, 20, 19, 18, 17, 16, 15, 14, 20, 19, 18, 17, 16, 15, 14, 20, 19, 18, 17, 16, 15, 14, 20, 19, 18, 17, 16, 15, 14, 20, 19, 18, 17, 16, 15, 14, 20, 19, 18, 17, 16, 15, 14, 20, 19, 18, 17, 16, 15, 14, 21, 20, 19, 18, 17, 16, 15, 14, 21, 20, 19, 18, 17, 16, 15, 21, 20, 19, 18, 17, 16, 15, 21, 20, 19, 18, 17, 16, 15, 21, 20, 19, 18, 17, 16, 15, 21, 20, 19, 18, 17, 16, 15, 21, 20, 19, 18, 17, 16, 15, 21, 20, 19, 18, 17, 16, 15, 21, 20, 19, 18, 17, 16, 15, 21, 20, 19, 18, 17, 16, 15, 22, 21, 20, 19, 18, 17, 16, 15, 22, 21, 20, 19, 18, 17, 16, 22, 21, 20, 19, 18, 17, 16, 22, 21, 20, 19, 18, 17, 16, 22, 21, 20, 19, 18, 17, 16, 22, 21, 20, 19, 18, 17, 16, 22, 21, 20, 19, 18, 17, 16, 22, 21, 20, 19, 18, 17, 16, 22, 21, 20, 19, 18, 17, 16, 22, 21, 20, 19, 18, 17, 16, 23, 22, 21, 20, 19, 18, 17, 16, 23, 22, 21, 20, 19, 18, 17, 23, 22, 21, 20, 19, 18, 17, 23, 22, 21, 20, 19, 18, 17, 23, 22, 21, 20, 19, 18, 17, 23, 22, 21, 20, 19, 18, 17, 23, 22, 21, 20, 19, 18, 17, 23, 22, 21, 20, 19, 18, 17, 23, 22, 21, 20, 19, 18, 17, 23, 22, 21, 20, 19, 18, 17, 24, 23, 22, 21, 20, 19, 18, 17, 24, 23, 22, 21, 20, 19, 18, 24, 23, 22, 21, 20, 19, 18, 24, 23, 22, 21, 20, 19, 18, 24, 23, 22, 21, 20, 19, 18, 24, 23, 22, 21, 20, 19, 18, 24, 23, 22, 21, 20, 19, 18, 24, 23, 22, 21, 20, 19, 18, 24, 23, 22, 21, 20, 19, 18, 24, 23, 22, 21, 20, 19, 18, 25, 24, 23, 22, 21, 20, 19, 18, 25, 24, 23, 22, 21, 20, 19, 25, 24, 23, 22, 21, 20, 19, 25, 24, 23, 22, 21, 20, 19, 25, 24, 23, 22, 21, 20, 19, 25, 24, 23, 22, 21, 20, 19, 25, 24, 23, 22, 21, 20, 19, 25, 24, 23, 22, 21, 20, 19, 25, 24, 23, 22, 21, 20, 19, 25, 24, 23, 22, 21, 20, 19, 26, 25, 24, 23, 22, 21, 20, 19, 26, 25, 24, 23, 22, 21, 20, 26, 25, 24, 23, 22, 21, 20, 26, 25, 24, 23, 22, 21, 20, 26, 25, 24, 23, 22, 21, 20, 26, 25, 24, 23, 22, 21, 20, 26, 25, 24, 23, 22, 21, 20, 26, 25, 24, 23, 22, 21, 20, 26, 25, 24, 23, 22, 21, 20, 26, 25, 24, 23, 22, 21, 20, 27, 26, 25, 24, 23, 22, 21, 20, 27, 26, 25, 24, 23, 22, 21, 27, 26, 25, 24, 23, 22, 21, 27, 26, 25, 24, 23, 22, 21, 27, 26, 25, 24, 23, 22, 21, 27, 26, 25, 24, 23, 22, 21, 27, 26, 25, 24, 23, 22, 21, 27, 26, 25, 24, 23, 22, 21, 27, 26, 25, 24, 23, 22, 21, 27, 26, 25, 24, 23, 22, 21, 28, 27, 26, 25, 24, 23, 22, 21, 28, 27, 26, 25, 24, 23, 22, 28, 27, 26, 25, 24, 23, 22, 28, 27, 26, 25, 24, 23, 22, 28, 27, 26, 25, 24, 23, 22, 28, 27, 26, 25, 24, 23, 22, 28, 27, 26, 25, 24, 23, 22, 28, 27, 26, 25, 24, 23, 22, 28, 27, 26, 25, 24, 23, 22, 28, 27, 26, 25, 24, 23, 22, 29, 28, 27, 26, 25, 24, 23, 22, 29, 28, 27, 26, 25, 24, 23, 29, 28, 27, 26, 25, 24, 23, 29, 28, 27, 26, 25, 24, 23, 29, 28, 27, 26, 25, 24, 23, 29, 28, 27, 26, 25, 24, 23, 29, 28, 27, 26, 25, 24, 23, 29, 28, 27, 26, 25, 24, 23, 29, 28, 27, 26, 25, 24, 23, 29, 28, 27, 26, 25, 24, 23, 30, 29, 28, 27, 26, 25, 24, 23, 30, 29, 28, 27, 26, 25, 24, 30, 29, 28, 27, 26, 25, 24, 30, 29, 28, 27, 26, 25, 24, 30, 29, 28, 27, 26, 25, 24, 30, 29, 28, 27, 26, 25, 24, 30, 29, 28, 27, 26, 25, 24, 30, 29, 28, 27, 26, 25, 24, 30, 29, 28, 27, 26, 25, 24, 30, 29, 28, 27, 26, 25, 24, 31, 30, 29, 28, 27, 26, 25, 24, 31, 30, 29, 28, 27, 26, 25, 31, 30, 29, 28, 27, 26, 25, 31, 30, 29, 28, 27, 26, 25, 31, 30, 29, 28, 27, 26, 25, 31, 30, 29, 28, 27, 26, 25, 31, 30, 29, 28, 27, 26, 25, 31, 30, 29, 28, 27, 26, 25, 31, 30, 29, 28, 27, 26, 25, 31, 30, 29, 28, 27, 26, 25, 32, 31, 30, 29, 28, 27, 26, 25, 32, 31, 30, 29, 28, 27, 26, 32, 31, 30, 29, 28, 27, 26, 32, 31, 30, 29, 28, 27, 26, 32, 31, 30, 29, 28, 27, 26, 32, 31, 30, 29, 28, 27, 26, 32, 31, 30, 29, 28, 27, 26, 32, 31, 30, 29, 28, 27, 26, 32, 31, 30, 29, 28, 27, 26, 32, 31, 30, 29, 28, 27, 26, 33, 32, 31, 30, 29, 28, 27, 26, 33, 32, 31, 30, 29, 28, 27, 33, 32, 31, 30, 29, 28, 27, 33, 32, 31, 30, 29, 28, 27, 33, 32, 31, 30, 29, 28, 27, 33, 32, 31, 30, 29, 28, 27, 33, 32, 31, 30, 29, 28, 27, 33, 32, 31, 30, 29, 28, 27, 33, 32, 31, 30, 29, 28, 27, 33, 32, 31, 30, 29, 28, 27, 34, 33, 32, 31, 30, 29, 28, 27, 34, 33, 32, 31, 30, 29, 28, 34, 33, 32, 31, 30, 29, 28, 34, 33, 32, 31, 30, 29, 28, 34, 33, 32, 31, 30, 29, 28, 34, 33, 32, 31, 30, 29, 28, 34, 33, 32, 31, 30, 29, 28, 34, 33, 32, 31, 30, 29, 28, 34, 33, 32, 31, 30, 29, 28, 34, 33, 32, 31, 30, 29, 28, 35, 34, 33, 32, 31, 30, 29, 28, 35, 34, 33, 32, 31, 30, 29, 35, 34, 33, 32, 31, 30, 29, 35, 34, 33, 32, 31, 30, 29, 35, 34, 33, 32, 31, 30, 29, 35, 34, 33, 32, 31, 30, 29, 35, 34, 33, 32, 31, 30, 29, 35, 34, 33, 32, 31, 30, 29, 35, 34, 33, 32, 31, 30, 29, 35, 34, 33, 32, 31, 30, 29, 36, 35, 34, 33, 32, 31, 30, 29, 36, 35, 34, 33, 32, 31, 30, 36, 35, 34, 33, 32, 31, 30, 36, 35, 34, 33, 32, 31, 30, 36, 35, 34, 33, 32, 31, 30, 36, 35, 34, 33, 32, 31, 30, 36, 35, 34, 33, 32, 31, 30, 36, 35, 34, 33, 32, 31, 30, 36, 35, 34, 33, 32, 31, 30, 36, 35, 34, 33, 32, 31, 30, 37, 36, 35, 34, 33, 32, 31, 30, 37, 36, 35, 34, 33, 32, 31, 37, 36, 35, 34, 33, 32, 31, 37, 36, 35, 34, 33, 32, 31, 37, 36, 35, 34, 33, 32, 31, 37, 36, 35, 34, 33, 32, 31, 37, 36, 35, 34, 33, 32, 31, 37, 36, 35, 34, 33, 32, 31, 37, 36, 35, 34, 33, 32, 31, 37, 36, 35, 34, 33, 32, 31, 38, 37, 36, 35, 34, 33, 32, 31, 38, 37, 36, 35, 34, 33, 32, 38, 37, 36, 35, 34, 33, 32, 38, 37, 36, 35, 34, 33, 32, 38, 37, 36, 35, 34, 33, 32, 38, 37, 36, 35, 34, 33, 32, 38, 37, 36, 35, 34, 33, 32, 38, 37, 36, 35, 34, 33, 32, 38, 37, 36, 35, 34, 33, 32, 38, 37, 36, 35, 34, 33, 32, 39, 38, 37, 36, 35, 34, 33, 32, 39, 38, 37, 36, 35, 34, 33, 39, 38, 37, 36, 35, 34, 33, 39, 38, 37, 36, 35, 34, 33, 39, 38, 37, 36, 35, 34, 33, 39, 38, 37, 36, 35, 34, 33, 39, 38, 37, 36, 35, 34, 33, 39, 38, 37, 36, 35, 34, 33, 39, 38, 37, 36, 35, 34, 33, 39, 38, 37, 36, 35, 34, 33, 40, 39, 38, 37, 36, 35, 34, 33, 40, 39, 38, 37, 36, 35, 34, 40, 39, 38, 37, 36, 35, 34, 40, 39, 38, 37, 36, 35, 34, 40, 39, 38, 37, 36, 35, 34, 40, 39, 38, 37, 36, 35, 34, 40, 39, 38, 37, 36, 35, 34, 40, 39, 38, 37, 36, 35, 34, 40, 39, 38, 37, 36, 35, 34, 40, 39, 38, 37, 36, 35, 34, 41, 40, 39, 38, 37, 36, 35, 34, 41, 40, 39, 38, 37, 36, 35, 41, 40, 39, 38, 37, 36, 35, 41, 40, 39, 38, 37, 36, 35, 41, 40, 39, 38, 37, 36, 35, 41, 40, 39, 38, 37, 36, 35, 41, 40, 39, 38, 37, 36, 35, 41, 40, 39, 38, 37, 36, 35, 41, 40, 39, 38, 37, 36, 35, 41, 40, 39, 38, 37, 36, 35, 42, 41, 40, 39, 38, 37, 36, 35, 42, 41, 40, 39, 38, 37, 36, 42, 41, 40, 39, 38, 37, 36, 42, 41, 40, 39, 38, 37, 36, 42, 41, 40, 39, 38, 37, 36, 42, 41, 40, 39, 38, 37, 36, 42, 41, 40, 39, 38, 37, 36, 42, 41, 40, 39, 38, 37, 36, 42, 41, 40, 39, 38, 37, 36, 42, 41, 40, 39, 38, 37, 36, 43, 42, 41, 40, 39, 38, 37, 36, 43, 42, 41, 40, 39, 38, 37, 43, 42, 41, 40, 39, 38, 37, 43, 42, 41, 40, 39, 38, 37, 43, 42, 41, 40, 39, 38, 37, 43, 42, 41, 40, 39, 38, 37, 43, 42, 41, 40, 39, 38, 37, 43, 42, 41, 40, 39, 38, 37, 43, 42, 41, 40, 39, 38, 37, 43, 42, 41, 40, 39, 38, 37, 44, 43, 42, 41, 40, 39, 38, 37, 44, 43, 42, 41, 40, 39, 38, 44, 43, 42, 41, 40, 39, 38, 44, 43, 42, 41, 40, 39, 38, 44, 43, 42, 41, 40, 39, 38, 44, 43, 42, 41, 40, 39, 38, 44, 43, 42, 41, 40, 39, 38, 44, 43, 42, 41, 40, 39, 38, 44, 43, 42, 41, 40, 39, 38, 44, 43, 42, 41, 40, 39, 38, 45, 44, 43, 42, 41, 40, 39, 38, 45, 44, 43, 42, 41, 40, 39, 45, 44, 43, 42, 41, 40, 39, 45, 44, 43, 42, 41, 40, 39, 45, 44, 43, 42, 41, 40, 39, 45, 44, 43, 42, 41, 40, 39, 45, 44, 43, 42, 41, 40, 39, 45, 44, 43, 42, 41, 40, 39, 45, 44, 43, 42, 41, 40, 39, 45, 44, 43, 42, 41, 40, 39, 46, 45, 44, 43, 42, 41, 40, 39, 46, 45, 44, 43, 42, 41, 40, 46, 45, 44, 43, 42, 41, 40, 46, 45, 44, 43, 42, 41, 40, 46, 45, 44, 43, 42, 41, 40, 46, 45, 44, 43, 42, 41, 40, 46, 45, 44, 43, 42, 41, 40, 46, 45, 44, 43, 42, 41, 40, 46, 45, 44, 43, 42, 41, 40, 46, 45, 44, 43, 42, 41, 40, 47, 46, 45, 44, 43, 42, 41, 40, 47, 46, 45, 44, 43, 42, 41, 47, 46, 45, 44, 43, 42, 41, 47, 46, 45, 44, 43, 42, 41, 47, 46, 45, 44, 43, 42, 41, 47, 46, 45, 44, 43, 42, 41, 47, 46, 45, 44, 43, 42, 41, 47, 46, 45, 44, 43, 42, 41, 47, 46, 45, 44, 43, 42, 41, 47, 46, 45, 44, 43, 42, 41, 48, 47, 46, 45, 44, 43, 42, 41, 48, 47, 46, 45, 44, 43, 42, 48, 47, 46, 45, 44, 43, 42, 48, 47, 46, 45, 44, 43, 42, 48, 47, 46, 45, 44, 43, 42, 48, 47, 46, 45, 44, 43, 42, 48, 47, 46, 45, 44, 43, 42, 48, 47, 46, 45, 44, 43, 42, 48, 47, 46, 45, 44, 43, 42, 48, 47, 46, 45, 44, 43, 42, 49, 48, 47, 46, 45, 44, 43, 42, 49, 48, 47, 46, 45, 44, 43, 49, 48, 47, 46, 45, 44, 43, 49, 48, 47, 46, 45, 44, 43, 49, 48, 47, 46, 45, 44, 43, 49, 48, 47, 46, 45, 44, 43, 49, 48, 47, 46, 45, 44, 43, 49, 48, 47, 46, 45, 44, 43, 49, 48, 47, 46, 45, 44, 43, 49, 48, 47, 46, 45, 44, 43, 50, 49, 48, 47, 46, 45, 44, 43, 50, 49, 48, 47, 46, 45, 44, 50, 49, 48, 47, 46, 45, 44, 50, 49, 48, 47, 46, 45, 44, 50, 49, 48, 47, 46, 45, 44, 50, 49, 48, 47, 46, 45, 44, 50, 49, 48, 47, 46, 45, 44, 50, 49, 48, 47, 46, 45, 44, 50, 49, 48, 47, 46, 45, 44, 50, 49, 48, 47, 46, 45, 44, 51, 50, 49, 48, 47, 46, 45, 44, 51, 50, 49, 48, 47, 46, 45, 51, 50, 49, 48, 47, 46, 45, 51, 50, 49, 48, 47, 46, 45, 51, 50, 49, 48, 47, 46, 45, 51, 50, 49, 48, 47, 46, 45, 51, 50, 49, 48, 47, 46, 45, 51, 50, 49, 48, 47, 46, 45, 51, 50, 49, 48, 47, 46, 45, 51, 50, 49, 48, 47, 46, 45, 52, 51, 50, 49, 48, 47, 46, 45, 52, 51, 50, 49, 48, 47, 46, 52, 51, 50, 49, 48, 47, 46, 52, 51, 50, 49, 48, 47, 46, 52, 51, 50, 49, 48, 47, 46, 52, 51, 50, 49, 48, 47, 46, 52, 51, 50, 49, 48, 47, 46, 52, 51, 50, 49, 48, 47, 46, 52, 51, 50, 49, 48, 47, 46, 52, 51, 50, 49, 48, 47, 46, 53, 52, 51, 50, 49, 48, 47, 46, 53, 52, 51, 50, 49, 48, 47, 53, 52, 51, 50, 49, 48, 47, 53, 52, 51, 50, 49, 48, 47, 53, 52, 51, 50, 49, 48, 47, 53, 52, 51, 50, 49, 48, 47, 53, 52, 51, 50, 49, 48, 47, 53, 52, 51, 50, 49, 48, 47, 53, 52, 51, 50, 49, 48, 47, 53, 52, 51, 50, 49, 48, 47, 54, 53, 52, 51, 50, 49, 48, 47, 54, 53, 52, 51, 50, 49, 48, 54, 53, 52, 51, 50, 49, 48, 54, 53, 52, 51, 50, 49, 48, 54, 53, 52, 51, 50, 49, 48, 54, 53, 52, 51, 50, 49, 48, 54, 53, 52, 51, 50, 49, 48, 54, 53, 52, 51, 50, 49, 48, 54, 53, 52, 51, 50, 49, 48, 54, 53, 52, 51, 50, 49, 48, 55, 54, 53, 52, 51, 50, 49, 48, 55, 54, 53, 52, 51, 50, 49, 55, 54, 53, 52, 51, 50, 49, 55, 54, 53, 52, 51, 50, 49, 55, 54, 53, 52, 51, 50, 49, 55, 54, 53, 52, 51, 50, 49, 55, 54, 53, 52, 51, 50, 49, 55, 54, 53, 52, 51, 50, 49, 55, 54, 53, 52, 51, 50, 49, 55, 54, 53, 52, 51, 50, 49, 56, 55, 54, 53, 52, 51, 50, 49, 56, 55, 54, 53, 52, 51, 50, 56, 55, 54, 53, 52, 51, 50, 56, 55, 54, 53, 52, 51, 50, 56, 55, 54, 53, 52, 51, 50, 56, 55, 54, 53, 52, 51, 50, 56, 55, 54, 53, 52, 51, 50, 56, 55, 54, 53, 52, 51, 50, 56, 55, 54, 53, 52, 51, 50, 56, 55, 54, 53, 52, 51, 50, 57, 56, 55, 54, 53, 52, 51, 50, 57, 56, 55, 54, 53, 52, 51, 57, 56, 55, 54, 53, 52, 51, 57, 56, 55, 54, 53, 52, 51, 57, 56, 55, 54, 53, 52, 51, 57, 56, 55, 54, 53, 52, 51, 57, 56, 55, 54, 53, 52, 51, 57, 56, 55, 54, 53, 52, 51, 57, 56, 55, 54, 53, 52, 51, 57, 56, 55, 54, 53, 52, 51, 58, 57, 56, 55, 54, 53, 52, 51, 58, 57, 56, 55, 54, 53, 52, 58, 57, 56, 55, 54, 53, 52, 58, 57, 56, 55, 54, 53, 52, 58, 57, 56, 55, 54, 53, 52, 58, 57, 56, 55, 54, 53, 52, 58, 57, 56, 55, 54, 53, 52, 58, 57, 56, 55, 54, 53, 52, 58, 57, 56, 55, 54, 53, 52, 58, 57, 56, 55, 54, 53, 52, 59, 58, 57, 56, 55, 54, 53, 52, 59, 58, 57, 56, 55, 54, 53, 59, 58, 57, 56, 55, 54, 53, 59, 58, 57, 56, 55, 54, 53, 59, 58, 57, 56, 55, 54, 53, 59, 58, 57, 56, 55, 54, 53, 59, 58, 57, 56, 55, 54, 53, 59, 58, 57, 56, 55, 54, 53, 59, 58, 57, 56, 55, 54, 53, 59, 58, 57, 56, 55, 54, 53, 60, 59, 58, 57, 56, 55, 54, 53, 60, 59, 58, 57, 56, 55, 54, 60, 59, 58, 57, 56, 55, 54, 60, 59, 58, 57, 56, 55, 54, 60, 59, 58, 57, 56, 55, 54, 60, 59, 58, 57, 56, 55, 54, 60, 59, 58, 57, 56, 55, 54, 60, 59, 58, 57, 56, 55, 54, 60, 59, 58, 57, 56, 55, 54, 60, 59, 58, 57, 56, 55, 54, 61, 60, 59, 58, 57, 56, 55, 54, 61, 60, 59, 58, 57, 56, 55, 61, 60, 59, 58, 57, 56, 55, 61, 60, 59, 58, 57, 56, 55, 61, 60, 59, 58, 57, 56, 55, 61, 60, 59, 58, 57, 56, 55, 61, 60, 59, 58, 57, 56, 55, 61, 60, 59, 58, 57, 56, 55, 61, 60, 59, 58, 57, 56, 55, 61, 60, 59, 58, 57, 56, 55, 62, 61, 60, 59, 58, 57, 56, 55, 62, 61, 60, 59, 58, 57, 56, 62, 61, 60, 59, 58, 57, 56, 62, 61, 60, 59, 58, 57, 56, 62, 61, 60, 59, 58, 57, 56, 62, 61, 60, 59, 58, 57, 56, 62, 61, 60, 59, 58, 57, 56, 62, 61, 60, 59, 58, 57, 56, 62, 61, 60, 59, 58, 57, 56, 62, 61, 60, 59, 58, 57, 56, 63, 62, 61, 60, 59, 58, 57, 56, 63, 62, 61, 60, 59, 58, 57, 63, 62, 61, 60, 59, 58, 57, 63, 62, 61, 60, 59, 58, 57, 63, 62, 61, 60, 59, 58, 57, 63, 62, 61, 60, 59, 58, 57, 63, 62, 61, 60, 59, 58, 57, 63, 62, 61, 60, 59, 58, 57, 63, 62, 61, 60, 59, 58, 57, 63, 62, 61, 60, 59, 58, 57, 64, 63, 62, 61, 60, 59, 58, 57, 64, 63, 62, 61, 60, 59, 58, 64, 63, 62, 61, 60, 59, 58, 64, 63, 62, 61, 60, 59, 58, 64, 63, 62, 61, 60, 59, 58, 64, 63, 62, 61, 60, 59, 58, 64, 63, 62, 61, 60, 59, 58, 64, 63, 62, 61, 60, 59, 58, 64, 63, 62, 61, 60, 59, 58, 64, 63, 62, 61, 60, 59, 58, 65, 64, 63, 62, 61, 60, 59, 58, 65, 64, 63, 62, 61, 60, 59, 65, 64, 63, 62, 61, 60, 59, 65, 64, 63, 62, 61, 60, 59, 65, 64, 63, 62, 61, 60, 59, 65, 64, 63, 62, 61, 60, 59, 65, 64, 63, 62, 61, 60, 59, 65, 64, 63, 62, 61, 60, 59, 65, 64, 63, 62, 61, 60, 59, 65, 64, 63, 62, 61, 60, 59, 66, 65, 64, 63, 62, 61, 60, 59, 66, 65, 64, 63, 62, 61, 60, 66, 65, 64, 63, 62, 61, 60, 66, 65, 64, 63, 62, 61, 60, 66, 65, 64, 63, 62, 61, 60, 66, 65, 64, 63, 62, 61, 60, 66, 65, 64, 63, 62, 61, 60, 66, 65, 64, 63, 62, 61, 60, 66, 65, 64, 63, 62, 61, 60, 66, 65, 64, 63, 62, 61, 60, 67, 66, 65, 64, 63, 62, 61, 60, 67, 66, 65, 64, 63, 62, 61, 67, 66, 65, 64, 63, 62, 61, 67, 66, 65, 64, 63, 62, 61, 67, 66, 65, 64, 63, 62, 61, 67, 66, 65, 64, 63, 62, 61, 67, 66, 65, 64, 63, 62, 61, 67, 66, 65, 64, 63, 62, 61, 67, 66, 65, 64, 63, 62, 61, 67, 66, 65, 64, 63, 62, 61, 68, 67, 66, 65, 64, 63, 62, 61, 68, 67, 66, 65, 64, 63, 62, 68, 67, 66, 65, 64, 63, 62, 68, 67, 66, 65, 64, 63, 62, 68, 67, 66, 65, 64, 63, 62, 68, 67, 66, 65, 64, 63, 62, 68, 67, 66, 65, 64, 63, 62, 68, 67, 66, 65, 64, 63, 62, 68, 67, 66, 65, 64, 63, 62, 68, 67, 66, 65, 64, 63, 62, 69, 68, 67, 66, 65, 64, 63, 62, 69, 68, 67, 66, 65, 64, 63, 69, 68, 67, 66, 65, 64, 63, 69, 68, 67, 66, 65, 64, 63, 69, 68, 67, 66, 65, 64, 63, 69, 68, 67, 66, 65, 64, 63, 69, 68, 67, 66, 65, 64, 63, 69, 68, 67, 66, 65, 64, 63, 69, 68, 67, 66, 65, 64, 63, 69, 68, 67, 66, 65, 64, 63, 70, 69, 68, 67, 66, 65, 64, 63, 70, 69, 68, 67, 66, 65, 64, 70, 69, 68, 67, 66, 65, 64, 70, 69, 68, 67, 66, 65, 64, 70, 69, 68, 67, 66, 65, 64, 70, 69, 68, 67, 66, 65, 64, 70, 69, 68, 67, 66, 65, 64, 70, 69, 68, 67, 66, 65, 64, 70, 69, 68, 67, 66, 65, 64, 70, 69, 68, 67, 66, 65, 64, 71, 70, 69, 68, 67, 66, 65, 64, 71, 70, 69, 68, 67, 66, 65, 71, 70, 69, 68, 67, 66, 65, 71, 70, 69, 68, 67, 66, 65, 71, 70, 69, 68, 67, 66, 65, 71, 70, 69, 68, 67, 66, 65, 71, 70, 69, 68, 67, 66, 65, 71, 70, 69, 68, 67, 66, 65, 71, 70, 69, 68, 67, 66, 65, 71, 70, 69, 68, 67, 66, 65, 72, 71, 70, 69, 68, 67, 66, 65, 72, 71, 70, 69, 68, 67, 66, 72, 71, 70, 69, 68, 67, 66, 72, 71, 70, 69, 68, 67, 66, 72, 71, 70, 69, 68, 67, 66, 72, 71, 70, 69, 68, 67, 66, 72, 71, 70, 69, 68, 67, 66, 72, 71, 70, 69, 68, 67, 66, 72, 71, 70, 69, 68, 67, 66, 72, 71, 70, 69, 68, 67, 66, 73, 72, 71, 70, 69, 68, 67, 66, 73, 72, 71, 70, 69, 68, 67, 73, 72, 71, 70, 69, 68, 67, 73, 72, 71, 70, 69, 68, 67, 73, 72, 71, 70, 69, 68, 67, 73, 72, 71, 70, 69, 68, 67, 73, 72, 71, 70, 69, 68, 67, 73, 72, 71, 70, 69, 68, 67, 73, 72, 71, 70, 69, 68, 67, 73, 72, 71, 70, 69, 68, 67, 74, 73, 72, 71, 70, 69, 68, 67, 74, 73, 72, 71, 70, 69, 68, 74, 73, 72, 71, 70, 69, 68, 74, 73, 72, 71, 70, 69, 68, 74, 73, 72, 71, 70, 69, 68, 74, 73, 72, 71, 70, 69, 68, 74, 73, 72, 71, 70, 69, 68, 74, 73, 72, 71, 70, 69, 68, 74, 73, 72, 71, 70, 69, 68, 74, 73, 72, 71, 70, 69, 68, 75, 74, 73, 72, 71, 70, 69, 68, 75, 74, 73, 72, 71, 70, 69, 75, 74, 73, 72, 71, 70, 69, 75, 74, 73, 72, 71, 70, 69, 75, 74, 73, 72, 71, 70, 69, 75, 74, 73, 72, 71, 70, 69, 75, 74, 73, 72, 71, 70, 69, 75, 74, 73, 72, 71, 70, 69, 75, 74, 73, 72, 71, 70, 69, 75, 74, 73, 72, 71, 70, 69, 76, 75, 74, 73, 72, 71, 70, 69, 76, 75, 74, 73, 72, 71, 70, 76, 75, 74, 73, 72, 71, 70, 76, 75, 74, 73, 72, 71, 70, 76, 75, 74, 73, 72, 71, 70, 76, 75, 74, 73, 72, 71, 70, 76, 75, 74, 73, 72, 71, 70, 76, 75, 74, 73, 72, 71, 70, 76, 75, 74, 73, 72, 71, 70, 76, 75, 74, 73, 72, 71, 70, 77, 76, 75, 74, 73, 72, 71, 70, 77, 76, 75, 74, 73, 72, 71, 77, 76, 75, 74, 73, 72, 71, 77, 76, 75, 74, 73, 72, 71, 77, 76, 75, 74, 73, 72, 71, 77, 76, 75, 74, 73, 72, 71, 77, 76, 75, 74, 73, 72, 71, 77, 76, 75, 74, 73, 72, 71, 77, 76, 75, 74, 73, 72, 71, 77, 76, 75, 74, 73, 72, 71, 78, 77, 76, 75, 74, 73, 72, 71, 78, 77, 76, 75, 74, 73, 72, 78, 77, 76, 75, 74, 73, 72, 78, 77, 76, 75, 74, 73, 72, 78, 77, 76, 75, 74, 73, 72, 78, 77, 76, 75, 74, 73, 72, 78, 77, 76, 75, 74, 73, 72, 78, 77, 76, 75, 74, 73, 72, 78, 77, 76, 75, 74, 73, 72, 78, 77, 76, 75, 74, 73, 72, 79, 78, 77, 76, 75, 74, 73, 72, 79, 78, 77, 76, 75, 74, 73, 79, 78, 77, 76, 75, 74, 73, 79, 78, 77, 76, 75, 74, 73, 79, 78, 77, 76, 75, 74, 73, 79, 78, 77, 76, 75, 74, 73, 79, 78, 77, 76, 75, 74, 73, 79, 78, 77, 76, 75, 74, 73, 79, 78, 77, 76, 75, 74, 73, 79, 78, 77, 76, 75, 74, 73, 80, 79, 78, 77, 76, 75, 74, 73, 80, 79, 78, 77, 76, 75, 74, 80, 79, 78, 77, 76, 75, 74, 80, 79, 78, 77, 76, 75, 74, 80, 79, 78, 77, 76, 75, 74, 80, 79, 78, 77, 76, 75, 74, 80, 79, 78, 77, 76, 75, 74, 80, 79, 78, 77, 76, 75, 74, 80, 79, 78, 77, 76, 75, 74, 80, 79, 78, 77, 76, 75, 74, 81, 80, 79, 78, 77, 76, 75, 74, 81, 80, 79, 78, 77, 76, 75, 81, 80, 79, 78, 77, 76, 75, 81, 80, 79, 78, 77, 76, 75, 81, 80, 79, 78, 77, 76, 75, 81, 80, 79, 78, 77, 76, 75, 81, 80, 79, 78, 77, 76, 75, 81, 80, 79, 78, 77, 76, 75, 81, 80, 79, 78, 77, 76, 75, 81, 80, 79, 78, 77, 76, 75, 82, 81, 80, 79, 78, 77, 76, 75, 82, 81, 80, 79, 78, 77, 76, 82, 81, 80, 79, 78, 77, 76, 82, 81, 80, 79, 78, 77, 76, 82, 81, 80, 79, 78, 77, 76, 82, 81, 80, 79, 78, 77, 76, 82, 81, 80, 79, 78, 77, 76, 82, 81, 80, 79, 78, 77, 76, 82, 81, 80, 79, 78, 77, 76, 82, 81, 80, 79, 78, 77, 76, 83, 82, 81, 80, 79, 78, 77, 76, 83, 82, 81, 80, 79, 78, 77, 83, 82, 81, 80, 79, 78, 77, 83, 82, 81, 80, 79, 78, 77, 83, 82, 81, 80, 79, 78, 77, 83, 82, 81, 80, 79, 78, 77, 83, 82, 81, 80, 79, 78, 77, 83, 82, 81, 80, 79, 78, 77, 83, 82, 81, 80, 79, 78, 77, 83, 82, 81, 80, 79, 78, 77, 84, 83, 82, 81, 80, 79, 78, 77, 84, 83, 82, 81, 80, 79, 78, 84, 83, 82, 81, 80, 79, 78, 84, 83, 82, 81, 80, 79, 78, 84, 83, 82, 81, 80, 79, 78, 84, 83, 82, 81, 80, 79, 78, 84, 83, 82, 81, 80, 79, 78, 84, 83, 82, 81, 80, 79, 78, 84, 83, 82, 81, 80, 79, 78, 84, 83, 82, 81, 80, 79, 78, 85, 84, 83, 82, 81, 80, 79, 78, 85, 84, 83, 82, 81, 80, 79, 85, 84, 83, 82, 81, 80, 79, 85, 84, 83, 82, 81, 80, 79, 85, 84, 83, 82, 81, 80, 79, 85, 84, 83, 82, 81, 80, 79, 85, 84, 83, 82, 81, 80, 79, 85, 84, 83, 82, 81, 80, 79, 85, 84, 83, 82, 81, 80, 79, 85, 84, 83, 82, 81, 80, 79, 86, 85, 84, 83, 82, 81, 80, 79, 86, 85, 84, 83, 82, 81, 80, 86, 85, 84, 83, 82, 81, 80, 86, 85, 84, 83, 82, 81, 80, 86, 85, 84, 83, 82, 81, 80, 86, 85, 84, 83, 82, 81, 80, 86, 85, 84, 83, 82, 81, 80, 86, 85, 84, 83, 82, 81, 80, 86, 85, 84, 83, 82, 81, 80, 86, 85, 84, 83, 82, 81, 80, 87, 86, 85, 84, 83, 82, 81, 80, 87, 86, 85, 84, 83, 82, 81, 87, 86, 85, 84, 83, 82, 81, 87, 86, 85, 84, 83, 82, 81, 87, 86, 85, 84, 83, 82, 81, 87, 86, 85, 84, 83, 82, 81, 87, 86, 85, 84, 83, 82, 81, 87, 86, 85, 84, 83, 82, 81, 87, 86, 85, 84, 83, 82, 81, 87, 86, 85, 84, 83, 82, 81, 88, 87, 86, 85, 84, 83, 82, 81, 88, 87, 86, 85, 84, 83, 82, 88, 87, 86, 85, 84, 83, 82, 88, 87, 86, 85, 84, 83, 82, 88, 87, 86, 85, 84, 83, 82, 88, 87, 86, 85, 84, 83, 82, 88, 87, 86, 85, 84, 83, 82, 88, 87, 86, 85, 84, 83, 82, 88, 87, 86, 85, 84, 83, 82, 88, 87, 86, 85, 84, 83, 82, 89, 88, 87, 86, 85, 84, 83, 82, 89, 88, 87, 86, 85, 84, 83, 89, 88, 87, 86, 85, 84, 83, 89, 88, 87, 86, 85, 84, 83, 89, 88, 87, 86, 85, 84, 83, 89, 88, 87, 86, 85, 84, 83, 89, 88, 87, 86, 85, 84, 83, 89, 88, 87, 86, 85, 84, 83, 89, 88, 87, 86, 85, 84, 83, 89, 88, 87, 86, 85, 84, 83, 90, 89, 88, 87, 86, 85, 84, 83, 90, 89, 88, 87, 86, 85, 84, 90, 89, 88, 87, 86, 85, 84, 90, 89, 88, 87, 86, 85, 84, 90, 89, 88, 87, 86, 85, 84, 90, 89, 88, 87, 86, 85, 84, 90, 89, 88, 87, 86, 85, 84, 90, 89, 88, 87, 86, 85, 84, 90, 89, 88, 87, 86, 85, 84, 90, 89, 88, 87, 86, 85, 84, 91, 90, 89, 88, 87, 86, 85, 84, 91, 90, 89, 88, 87, 86, 85, 91, 90, 89, 88, 87, 86, 85, 91, 90, 89, 88, 87, 86, 85, 91, 90, 89, 88, 87, 86, 85, 91, 90, 89, 88, 87, 86, 85, 91, 90, 89, 88, 87, 86, 85, 91, 90, 89, 88, 87, 86, 85, 91, 90, 89, 88, 87, 86, 85, 91, 90, 89, 88, 87, 86, 85, 92, 91, 90, 89, 88, 87, 86, 85, 92, 91, 90, 89, 88, 87, 86, 92, 91, 90, 89, 88, 87, 86, 92, 91, 90, 89, 88, 87, 86, 92, 91, 90, 89, 88, 87, 86, 92, 91, 90, 89, 88, 87, 86, 92, 91, 90, 89, 88, 87, 86, 92, 91, 90, 89, 88, 87, 86, 92, 91, 90, 89, 88, 87, 86, 92, 91, 90, 89, 88, 87, 86, 93, 92, 91, 90, 89, 88, 87, 86, 93, 92, 91, 90, 89, 88, 87, 93, 92, 91, 90, 89, 88, 87, 93, 92, 91, 90, 89, 88, 87, 93, 92, 91, 90, 89, 88, 87, 93, 92, 91, 90, 89, 88, 87, 93, 92, 91, 90, 89, 88, 87, 93, 92, 91, 90, 89, 88, 87, 93, 92, 91, 90, 89, 88, 87, 93, 92, 91, 90, 89, 88, 87, 94, 93, 92, 91, 90, 89, 88, 87, 94, 93, 92, 91, 90, 89, 88, 94, 93, 92, 91, 90, 89, 88, 94, 93, 92, 91, 90, 89, 88, 94, 93, 92, 91, 90, 89, 88, 94, 93, 92, 91, 90, 89, 88, 94, 93, 92, 91, 90, 89, 88, 94, 93, 92, 91, 90, 89, 88, 94, 93, 92, 91, 90, 89, 88, 94, 93, 92, 91, 90, 89, 88, 95, 94, 93, 92, 91, 90, 89, 88, 95, 94, 93, 92, 91, 90, 89, 95, 94, 93, 92, 91, 90, 89, 95, 94, 93, 92, 91, 90, 89, 95, 94, 93, 92, 91, 90, 89, 95, 94, 93, 92, 91, 90, 89, 95, 94, 93, 92, 91, 90, 89, 95, 94, 93, 92, 91, 90, 89, 95, 94, 93, 92, 91, 90, 89, 95, 94, 93, 92, 91, 90, 89, 96, 95, 94, 93, 92, 91, 90, 89, 96, 95, 94, 93, 92, 91, 90, 96, 95, 94, 93, 92, 91, 90, 96, 95, 94, 93, 92, 91, 90, 96, 95, 94, 93, 92, 91, 90, 96, 95, 94, 93, 92, 91, 90, 96, 95, 94, 93, 92, 91, 90, 96, 95, 94, 93, 92, 91, 90, 96, 95, 94, 93, 92, 91, 90, 96, 95, 94, 93, 92, 91, 90, 97, 96, 95, 94, 93, 92, 91, 90, 97, 96, 95, 94, 93, 92, 91, 97, 96, 95, 94, 93, 92, 91, 97, 96, 95, 94, 93, 92, 91, 97, 96, 95, 94, 93, 92, 91, 97, 96, 95, 94, 93, 92, 91, 97, 96, 95, 94, 93, 92, 91, 97, 96, 95, 94, 93, 92, 91, 97, 96, 95, 94, 93, 92, 91, 97, 96, 95, 94, 93, 92, 91, 98, 97, 96, 95, 94, 93, 92, 91, 98, 97, 96, 95, 94, 93, 92, 98, 97, 96, 95, 94, 93, 92, 98, 97, 96, 95, 94, 93, 92, 98, 97, 96, 95, 94, 93, 92, 98, 97, 96, 95, 94, 93, 92, 98, 97, 96, 95, 94, 93, 92, 98, 97, 96, 95, 94, 93, 92, 98, 97, 96, 95, 94, 93, 92, 98, 97, 96, 95, 94, 93, 92, 99, 98, 97, 96, 95, 94, 93, 92, 99, 98, 97, 96, 95, 94, 93, 99, 98, 97, 96, 95, 94, 93, 99, 98, 97, 96, 95, 94, 93, 99, 98, 97, 96, 95, 94, 93, 99, 98, 97, 96, 95, 94, 93, 99, 98, 97, 96, 95, 94, 93, 99, 98, 97, 96, 95, 94, 93, 99, 98, 97, 96, 95, 94, 93, 99, 98, 97, 96, 95, 94, 93, 100, 99, 98, 97, 96, 95, 94, 93, 100, 99, 98, 97, 96, 95, 94, 100, 99, 98, 97, 96, 95, 94, 100, 99, 98, 97, 96, 95, 94, 100, 99, 98, 97, 96, 95, 94, 100, 99, 98, 97, 96, 95, 94, 100, 99, 98, 97, 96, 95, 94, 100, 99, 98, 97, 96, 95, 94, 100, 99, 98, 97, 96, 95, 94, 100, 99, 98, 97, 96, 95, 94, 101, 100, 99, 98, 97, 96, 95, 94, 101, 100, 99, 98, 97, 96, 95, 101, 100, 99, 98, 97, 96, 95, 101, 100, 99, 98, 97, 96, 95, 101, 100, 99, 98, 97, 96, 95, 101, 100, 99, 98, 97, 96, 95, 101, 100, 99, 98, 97, 96, 95, 101, 100, 99, 98, 97, 96, 95, 101, 100, 99, 98, 97, 96, 95, 101, 100, 99, 98, 97, 96, 95, 102, 101, 100, 99, 98, 97, 96, 95, 102, 101, 100, 99, 98, 97, 96, 102, 101, 100, 99, 98, 97, 96, 102, 101, 100, 99, 98, 97, 96, 102, 101, 100, 99, 98, 97, 96, 102, 101, 100, 99, 98, 97, 96, 102, 101, 100, 99, 98, 97, 96, 102, 101, 100, 99, 98, 97, 96, 102, 101, 100, 99, 98, 97, 96, 102, 101, 100, 99, 98, 97, 96, 103, 102, 101, 100, 99, 98, 97, 96, 103, 102, 101, 100, 99, 98, 97, 103, 102, 101, 100, 99, 98, 97, 103, 102, 101, 100, 99, 98, 97, 103, 102, 101, 100, 99, 98, 97, 103, 102, 101, 100, 99, 98, 97, 103, 102, 101, 100, 99, 98, 97, 103, 102, 101, 100, 99, 98, 97, 103, 102, 101, 100, 99, 98, 97, 103, 102, 101, 100, 99, 98, 97, 104, 103, 102, 101, 100, 99, 98, 97, 104, 103, 102, 101, 100, 99, 98, 104, 103, 102, 101, 100, 99, 98, 104, 103, 102, 101, 100, 99, 98, 104, 103, 102, 101, 100, 99, 98, 104, 103, 102, 101, 100, 99, 98, 104, 103, 102, 101, 100, 99, 98, 104, 103, 102, 101, 100, 99, 98, 104, 103, 102, 101, 100, 99, 98, 104, 103, 102, 101, 100, 99, 98, 105, 104, 103, 102, 101, 100, 99, 98, 105, 104, 103, 102, 101, 100, 99, 105, 104, 103, 102, 101, 100, 99, 105, 104, 103, 102, 101, 100, 99, 105, 104, 103, 102, 101, 100, 99, 105, 104, 103, 102, 101, 100, 99, 105, 104, 103, 102, 101, 100, 99, 105, 104, 103, 102, 101, 100, 99, 105, 104, 103, 102, 101, 100, 99, 105, 104, 103, 102, 101, 100, 99, 106, 105, 104, 103, 102, 101, 100, 99, 106, 105, 104, 103, 102, 101, 100, 106, 105, 104, 103, 102, 101, 100, 106, 105, 104, 103, 102, 101, 100, 106, 105, 104, 103, 102, 101, 100, 106, 105, 104, 103, 102, 101, 100, 106, 105, 104, 103, 102, 101, 100, 106, 105, 104, 103, 102, 101, 100, 106, 105, 104, 103, 102, 101, 100, 106, 105, 104, 103, 102, 101, 100, 107, 106, 105, 104, 103, 102, 101, 100, 107, 106, 105, 104, 103, 102, 101, 107, 106, 105, 104, 103, 102, 101, 107, 106, 105, 104, 103, 102, 101, 107, 106, 105, 104, 103, 102, 101, 107, 106, 105, 104, 103, 102, 101, 107, 106, 105, 104, 103, 102, 101, 107, 106, 105, 104, 103, 102, 101, 107, 106, 105, 104, 103, 102, 101, 107, 106, 105, 104, 103, 102, 101, 108, 107, 106, 105, 104, 103, 102, 101, 108, 107, 106, 105, 104, 103, 102, 108, 107, 106, 105, 104, 103, 102, 108, 107, 106, 105, 104, 103, 102, 108, 107, 106, 105, 104, 103, 102, 108, 107, 106, 105, 104, 103, 102, 108, 107, 106, 105, 104, 103, 102, 108, 107, 106, 105, 104, 103, 102, 108, 107, 106, 105, 104, 103, 102, 108, 107, 106, 105, 104, 103, 102, 109, 108, 107, 106, 105, 104, 103, 102, 109, 108, 107, 106, 105, 104, 103, 109, 108, 107, 106, 105, 104, 103, 109, 108, 107, 106, 105, 104, 103, 109, 108, 107, 106, 105, 104, 103, 109, 108, 107, 106, 105, 104, 103, 109, 108, 107, 106, 105, 104, 103, 109, 108, 107, 106, 105, 104, 103, 109, 108, 107, 106, 105, 104, 103, 109, 108, 107, 106, 105, 104, 103, 110, 109, 108, 107, 106, 105, 104, 103, 110, 109, 108, 107, 106, 105, 104, 110, 109, 108, 107, 106, 105, 104, 110, 109, 108, 107, 106, 105, 104, 110, 109, 108, 107, 106, 105, 104, 110, 109, 108, 107, 106, 105, 104, 110, 109, 108, 107, 106, 105, 104, 110, 109, 108, 107, 106, 105, 104, 110, 109, 108, 107, 106, 105, 104, 110, 109, 108, 107, 106, 105, 104, 111, 110, 109, 108, 107, 106, 105, 104, 111, 110, 109, 108, 107, 106, 105, 111, 110, 109, 108, 107, 106, 105, 111, 110, 109, 108, 107, 106, 105, 111, 110, 109, 108, 107, 106, 105, 111, 110, 109, 108, 107, 106, 105, 111, 110, 109, 108, 107, 106, 105, 111, 110, 109, 108, 107, 106, 105, 111, 110, 109, 108, 107, 106, 105, 111, 110, 109, 108, 107, 106, 105, 112, 111, 110, 109, 108, 107, 106, 105, 112, 111, 110, 109, 108, 107, 106, 112, 111, 110, 109, 108, 107, 106, 112, 111, 110, 109, 108, 107, 106, 112, 111, 110, 109, 108, 107, 106, 112, 111, 110, 109, 108, 107, 106, 112, 111, 110, 109, 108, 107, 106, 112, 111, 110, 109, 108, 107, 106, 112, 111, 110, 109, 108, 107, 106, 112, 111, 110, 109, 108, 107, 106, 113, 112, 111, 110, 109, 108, 107, 106, 113, 112, 111, 110, 109, 108, 107, 113, 112, 111, 110, 109, 108, 107, 113, 112, 111, 110, 109, 108, 107, 113, 112, 111, 110, 109, 108, 107, 113, 112, 111, 110, 109, 108, 107, 113, 112, 111, 110, 109, 108, 107, 113, 112, 111, 110, 109, 108, 107, 113, 112, 111, 110, 109, 108, 107, 113, 112, 111, 110, 109, 108, 107, 114, 113, 112, 111, 110, 109, 108, 107, 114, 113, 112, 111, 110, 109, 108, 114, 113, 112, 111, 110, 109, 108, 114, 113, 112, 111, 110, 109, 108, 114, 113, 112, 111, 110, 109, 108, 114, 113, 112, 111, 110, 109, 108, 114, 113, 112, 111, 110, 109, 108, 114, 113, 112, 111, 110, 109, 108, 114, 113, 112, 111, 110, 109, 108, 114, 113, 112, 111, 110, 109, 108, 115, 114, 113, 112, 111, 110, 109, 108, 115, 114, 113, 112, 111, 110, 109, 115, 114, 113, 112, 111, 110, 109, 115, 114, 113, 112, 111, 110, 109, 115, 114, 113, 112, 111, 110, 109, 115, 114, 113, 112, 111, 110, 109, 115, 114, 113, 112, 111, 110, 109, 115, 114, 113, 112, 111, 110, 109, 115, 114, 113, 112, 111, 110, 109, 115, 114, 113, 112, 111, 110, 109, 116, 115, 114, 113, 112, 111, 110, 109, 116, 115, 114, 113, 112, 111, 110, 116, 115, 114, 113, 112, 111, 110, 116, 115, 114, 113, 112, 111, 110, 116, 115, 114, 113, 112, 111, 110, 116, 115, 114, 113, 112, 111, 110, 116, 115, 114, 113, 112, 111, 110, 116, 115, 114, 113, 112, 111, 110, 116, 115, 114, 113, 112, 111, 110, 116, 115, 114, 113, 112, 111, 110, 117, 116, 115, 114, 113, 112, 111, 110, 117, 116, 115, 114, 113, 112, 111, 117, 116, 115, 114, 113, 112, 111, 117, 116, 115, 114, 113, 112, 111, 117, 116, 115, 114, 113, 112, 111, 117, 116, 115, 114, 113, 112, 111, 117, 116, 115, 114, 113, 112, 111, 117, 116, 115, 114, 113, 112, 111, 117, 116, 115, 114, 113, 112, 111, 117, 116, 115, 114, 113, 112, 111, 118, 117, 116, 115, 114, 113, 112, 111, 118, 117, 116, 115, 114, 113, 112, 118, 117, 116, 115, 114, 113, 112, 118, 117, 116, 115, 114, 113, 112, 118, 117, 116, 115, 114, 113, 112, 118, 117, 116, 115, 114, 113, 112, 118, 117, 116, 115, 114, 113, 112, 118, 117, 116, 115, 114, 113, 112, 118, 117, 116, 115, 114, 113, 112, 118, 117, 116, 115, 114, 113, 112, 119, 118, 117, 116, 115, 114, 113, 112, 119, 118, 117, 116, 115, 114, 113, 119, 118, 117, 116, 115, 114, 113, 119, 118, 117, 116, 115, 114, 113, 119, 118, 117, 116, 115, 114, 113, 119, 118, 117, 116, 115, 114, 113, 119, 118, 117, 116, 115, 114, 113, 119, 118, 117, 116, 115, 114, 113, 119, 118, 117, 116, 115, 114, 113, 119, 118, 117, 116, 115, 114, 113, 120, 119, 118, 117, 116, 115, 114, 113, 120, 119, 118, 117, 116, 115, 114, 120, 119, 118, 117, 116, 115, 114, 120, 119, 118, 117, 116, 115, 114, 120, 119, 118, 117, 116, 115, 114, 120, 119, 118, 117, 116, 115, 114, 120, 119, 118, 117, 116, 115, 114, 120, 119, 118, 117, 116, 115, 114, 120, 119, 118, 117, 116, 115, 114, 120, 119, 118, 117, 116, 115, 114, 121, 120, 119, 118, 117, 116, 115, 114, 121, 120, 119, 118, 117, 116, 115, 121, 120, 119, 118, 117, 116, 115, 121, 120, 119, 118, 117, 116, 115, 121, 120, 119, 118, 117, 116, 115, 121, 120, 119, 118, 117, 116, 115, 121, 120, 119, 118, 117, 116, 115, 121, 120, 119, 118, 117, 116, 115, 121, 120, 119, 118, 117, 116, 115, 121, 120, 119, 118, 117, 116, 115, 122, 121, 120, 119, 118, 117, 116, 115, 122, 121, 120, 119, 118, 117, 116, 122, 121, 120, 119, 118, 117, 116, 122, 121, 120, 119, 118, 117, 116, 122, 121, 120, 119, 118, 117, 116, 122, 121, 120, 119, 118, 117, 116, 122, 121, 120, 119, 118, 117, 116, 122, 121, 120, 119, 118, 117, 116, 122, 121, 120, 119, 118, 117, 116, 122, 121, 120, 119, 118, 117, 116, 123, 122, 121, 120, 119, 118, 117, 116, 123, 122, 121, 120, 119, 118, 117, 123, 122, 121, 120, 119, 118, 117, 123, 122, 121, 120, 119, 118, 117, 123, 122, 121, 120, 119, 118, 117, 123, 122, 121, 120, 119, 118, 117, 123, 122, 121, 120, 119, 118, 117, 123, 122, 121, 120, 119, 118, 117, 123, 122, 121, 120, 119, 118, 117, 123, 122, 121, 120, 119, 118, 117, 124, 123, 122, 121, 120, 119, 118, 117, 124, 123, 122, 121, 120, 119, 118, 124, 123, 122, 121, 120, 119, 118, 124, 123, 122, 121, 120, 119, 118, 124, 123, 122, 121, 120, 119, 118, 124, 123, 122, 121, 120, 119, 118, 124, 123, 122, 121, 120, 119, 118, 124, 123, 122, 121, 120, 119, 118, 124, 123, 122, 121, 120, 119, 118, 124, 123, 122, 121, 120, 119, 118, 125, 124, 123, 122, 121, 120, 119, 118, 125, 124, 123, 122, 121, 120, 119, 125, 124, 123, 122, 121, 120, 119, 125, 124, 123, 122, 121, 120, 119, 125, 124, 123, 122, 121, 120, 119, 125, 124, 123, 122, 121, 120, 119, 125, 124, 123, 122, 121, 120, 119, 125, 124, 123, 122, 121, 120, 119, 125, 124, 123, 122, 121, 120, 119, 125, 124, 123, 122, 121, 120, 119, 126, 125, 124, 123, 122, 121, 120, 119, 126, 125, 124, 123, 122, 121, 120, 126, 125, 124, 123, 122, 121, 120, 126, 125, 124, 123, 122, 121, 120, 126, 125, 124, 123, 122, 121, 120, 126, 125, 124, 123, 122, 121, 120, 126, 125, 124, 123, 122, 121, 120, 126, 125, 124, 123, 122, 121, 120, 126, 125, 124, 123, 122, 121, 120, 126, 125, 124, 123, 122, 121, 120, 127, 126, 125, 124, 123, 122, 121, 120, 127, 126, 125, 124, 123, 122, 121, 127, 126, 125, 124, 123, 122, 121, 127, 126, 125, 124, 123, 122, 121, 127, 126, 125, 124, 123, 122, 121, 127, 126, 125, 124, 123, 122, 121, 127, 126, 125, 124, 123, 122, 121, 127, 126, 125, 124, 123, 122, 121, 127, 126, 125, 124, 123, 122, 121, 127, 126, 125, 124, 123, 122, 121, 128, 127, 126, 125, 124, 123, 122, 121, 128, 127, 126, 125, 124, 123, 122, 128, 127, 126, 125, 124, 123, 122, 128, 127, 126, 125, 124, 123, 122, 128, 127, 126, 125, 124, 123, 122, 128, 127, 126, 125, 124, 123, 122, 128, 127, 126, 125, 124, 123, 122, 128, 127, 126, 125, 124, 123, 122, 128, 127, 126, 125, 124, 123, 122, 128, 127, 126, 125, 124, 123, 122, 129, 128, 127, 126, 125, 124, 123, 122, 129, 128, 127, 126, 125, 124, 123, 129, 128, 127, 126, 125, 124, 123, 129, 128, 127, 126, 125, 124, 123, 129, 128, 127, 126, 125, 124, 123, 129, 128, 127, 126, 125, 124, 123, 129, 128, 127, 126, 125, 124, 123, 129, 128, 127, 126, 125, 124, 123, 129, 128, 127, 126, 125, 124, 123, 129, 128, 127, 126, 125, 124, 123, 130, 129, 128, 127, 126, 125, 124, 123, 130, 129, 128, 127, 126, 125, 124, 130, 129, 128, 127, 126, 125, 124, 130, 129, 128, 127, 126, 125, 124, 130, 129, 128, 127, 126, 125, 124, 130, 129, 128, 127, 126, 125, 124, 130, 129, 128, 127, 126, 125, 124, 130, 129, 128, 127, 126, 125, 124, 130, 129, 128, 127, 126, 125, 124, 130, 129, 128, 127, 126, 125, 124, 131, 130, 129, 128, 127, 126, 125, 124, 131, 130, 129, 128, 127, 126, 125, 131, 130, 129, 128, 127, 126, 125, 131, 130, 129, 128, 127, 126, 125, 131, 130, 129, 128, 127, 126, 125, 131, 130, 129, 128, 127, 126, 125, 131, 130, 129, 128, 127, 126, 125, 131, 130, 129, 128, 127, 126, 125, 131, 130, 129, 128, 127, 126, 125, 131, 130, 129, 128, 127, 126, 125, 132, 131, 130, 129, 128, 127, 126, 125, 132, 131, 130, 129, 128, 127, 126, 132, 131, 130, 129, 128, 127, 126, 132, 131, 130, 129, 128, 127, 126, 132, 131, 130, 129, 128, 127, 126, 132, 131, 130, 129, 128, 127, 126, 132, 131, 130, 129, 128, 127, 126, 132, 131, 130, 129, 128, 127, 126, 132, 131, 130, 129, 128, 127, 126, 132, 131, 130, 129, 128, 127, 126, 133, 132, 131, 130, 129, 128, 127, 126, 133, 132, 131, 130, 129, 128, 127, 133, 132, 131, 130, 129, 128, 127, 133, 132, 131, 130, 129, 128, 127, 133, 132, 131, 130, 129, 128, 127, 133, 132, 131, 130, 129, 128, 127, 133, 132, 131, 130, 129, 128, 127, 133, 132, 131, 130, 129, 128, 127, 133, 132, 131, 130, 129, 128, 127, 133, 132, 131, 130, 129, 128, 127, 134, 133, 132, 131, 130, 129, 128, 127, 134, 133, 132, 131, 130, 129, 128, 134, 133, 132, 131, 130, 129, 128, 134, 133, 132, 131, 130, 129, 128, 134, 133, 132, 131, 130, 129, 128, 134, 133, 132, 131, 130, 129, 128, 134, 133, 132, 131, 130, 129, 128, 134, 133, 132, 131, 130, 129, 128, 134, 133, 132, 131, 130, 129, 128, 134, 133, 132, 131, 130, 129, 128, 135, 134, 133, 132, 131, 130, 129, 128, 135, 134, 133, 132, 131, 130, 129, 135, 134, 133, 132, 131, 130, 129, 135, 134, 133, 132, 131, 130, 129, 135, 134, 133, 132, 131, 130, 129, 135, 134, 133, 132, 131, 130, 129, 135, 134, 133, 132, 131, 130, 129, 135, 134, 133, 132, 131, 130, 129, 135, 134, 133, 132, 131, 130, 129, 135, 134, 133, 132, 131, 130, 129, 136, 135, 134, 133, 132, 131, 130, 129, 136, 135, 134, 133, 132, 131, 130, 136, 135, 134, 133, 132, 131, 130, 136, 135, 134, 133, 132, 131, 130, 136, 135, 134, 133, 132, 131, 130, 136, 135, 134, 133, 132, 131, 130, 136, 135, 134, 133, 132, 131, 130, 136, 135, 134, 133, 132, 131, 130, 136, 135, 134, 133, 132, 131, 130, 136, 135, 134, 133, 132, 131, 130, 137, 136, 135, 134, 133, 132, 131, 130, 137, 136, 135, 134, 133, 132, 131, 137, 136, 135, 134, 133, 132, 131, 137, 136, 135, 134, 133, 132, 131, 137, 136, 135, 134, 133, 132, 131, 137, 136, 135, 134, 133, 132, 131, 137, 136, 135, 134, 133, 132, 131, 137, 136, 135, 134, 133, 132, 131, 137, 136, 135, 134, 133, 132, 131, 137, 136, 135, 134, 133, 132, 131, 138, 137, 136, 135, 134, 133, 132, 131, 138, 137, 136, 135, 134, 133, 132, 138, 137, 136, 135, 134, 133, 132, 138, 137, 136, 135, 134, 133, 132, 138, 137, 136, 135, 134, 133, 132, 138, 137, 136, 135, 134, 133, 132, 138, 137, 136, 135, 134, 133, 132, 138, 137, 136, 135, 134, 133, 132, 138, 137, 136, 135, 134, 133, 132, 138, 137, 136, 135, 134, 133, 132, 139, 138, 137, 136, 135, 134, 133, 132, 139, 138, 137, 136, 135, 134, 133, 139, 138, 137, 136, 135, 134, 133, 139, 138, 137, 136, 135, 134, 133, 139, 138, 137, 136, 135, 134, 133, 139, 138, 137, 136, 135, 134, 133, 139, 138, 137, 136, 135, 134, 133, 139, 138, 137, 136, 135, 134, 133, 139, 138, 137, 136, 135, 134, 133, 139, 138, 137, 136, 135, 134, 133, 140, 139, 138, 137, 136, 135, 134, 133, 140, 139, 138, 137, 136, 135, 134, 140, 139, 138, 137, 136, 135, 134, 140, 139, 138, 137, 136, 135, 134, 140, 139, 138, 137, 136, 135, 134, 140, 139, 138, 137, 136, 135, 134, 140, 139, 138, 137, 136, 135, 134, 140, 139, 138, 137, 136, 135, 134, 140, 139, 138, 137, 136, 135, 134, 140, 139, 138, 137, 136, 135, 134, 141, 140, 139, 138, 137, 136, 135, 134, 141, 140, 139, 138, 137, 136, 135, 141, 140, 139, 138, 137, 136, 135, 141, 140, 139, 138, 137, 136, 135, 141, 140, 139, 138, 137, 136, 135, 141, 140, 139, 138, 137, 136, 135, 141, 140, 139, 138, 137, 136, 135, 141, 140, 139, 138, 137, 136, 135, 141, 140, 139, 138, 137, 136, 135, 141, 140, 139, 138, 137, 136, 135, 142, 141, 140, 139, 138, 137, 136, 135, 142, 141, 140, 139, 138, 137, 136, 142, 141, 140, 139, 138, 137, 136, 142, 141, 140, 139, 138, 137, 136, 142, 141, 140, 139, 138, 137, 136, 142, 141, 140, 139, 138, 137, 136, 142, 141, 140, 139, 138, 137, 136, 142, 141, 140, 139, 138, 137, 136, 142, 141, 140, 139, 138, 137, 136, 142, 141, 140, 139, 138, 137, 136, 143, 142, 141, 140, 139, 138, 137, 136, 143, 142, 141, 140, 139, 138, 137, 143, 142, 141, 140, 139, 138, 137, 143, 142, 141, 140, 139, 138, 137, 143, 142, 141, 140, 139, 138, 137, 143, 142, 141, 140, 139, 138, 137, 143, 142, 141, 140, 139, 138, 137, 143, 142, 141, 140, 139, 138, 137, 143, 142, 141, 140, 139, 138, 137, 143, 142, 141, 140, 139, 138, 137, 144, 143, 142, 141, 140, 139, 138, 137, 144, 143, 142, 141, 140, 139, 138, 144, 143, 142, 141, 140, 139, 138, 144, 143, 142, 141, 140, 139, 138, 144, 143, 142, 141, 140, 139, 138, 144, 143, 142, 141, 140, 139, 138, 144, 143, 142, 141, 140, 139, 138, 144, 143, 142, 141, 140, 139, 138, 144, 143, 142, 141, 140, 139, 138, 144, 143, 142, 141, 140, 139, 138, 145, 144, 143, 142, 141, 140, 139, 138, 145, 144, 143, 142, 141, 140, 139, 145, 144, 143, 142, 141, 140, 139, 145, 144, 143, 142, 141, 140, 139, 145, 144, 143, 142, 141, 140, 139, 145, 144, 143, 142, 141, 140, 139, 145, 144, 143, 142, 141, 140, 139, 145, 144, 143, 142, 141, 140, 139, 145, 144, 143, 142, 141, 140, 139, 145, 144, 143, 142, 141, 140, 139, 146, 145, 144, 143, 142, 141, 140, 139, 146, 145, 144, 143, 142, 141, 140, 146, 145, 144, 143, 142, 141, 140, 146, 145, 144, 143, 142, 141, 140, 146, 145, 144, 143, 142, 141, 140, 146, 145, 144, 143, 142, 141, 140, 146, 145, 144, 143, 142, 141, 140, 146, 145, 144, 143, 142, 141, 140, 146, 145, 144, 143, 142, 141, 140, 146, 145, 144, 143, 142, 141, 140, 147, 146, 145, 144, 143, 142, 141, 140, 147, 146, 145, 144, 143, 142, 141, 147, 146, 145, 144, 143, 142, 141, 147, 146, 145, 144, 143, 142, 141, 147, 146, 145, 144, 143, 142, 141, 147, 146, 145, 144, 143, 142, 141, 147, 146, 145, 144, 143, 142, 141, 147, 146, 145, 144, 143, 142, 141, 147, 146, 145, 144, 143, 142, 141, 147, 146, 145, 144, 143, 142, 141, 148, 147, 146, 145, 144, 143, 142, 141, 148, 147, 146, 145, 144, 143, 142, 148, 147, 146, 145, 144, 143, 142, 148, 147, 146, 145, 144, 143, 142, 148, 147, 146, 145, 144, 143, 142, 148, 147, 146, 145, 144, 143, 142, 148, 147, 146, 145, 144, 143, 142, 148, 147, 146, 145, 144, 143, 142, 148, 147, 146, 145, 144, 143, 142, 148, 147, 146, 145, 144, 143, 142, 149, 148, 147, 146, 145, 144, 143, 142, 149, 148, 147, 146, 145, 144, 143, 149, 148, 147, 146, 145, 144, 143, 149, 148, 147, 146, 145, 144, 143, 149, 148, 147, 146, 145, 144, 143, 149, 148, 147, 146, 145, 144, 143, 149, 148, 147, 146, 145, 144, 143, 149, 148, 147, 146, 145, 144, 143, 149, 148, 147, 146, 145, 144, 143, 149, 148, 147, 146, 145, 144, 143, 150, 149, 148, 147, 146, 145, 144, 143, 150, 149, 148, 147, 146, 145, 144, 150, 149, 148, 147, 146, 145, 144, 150, 149, 148, 147, 146, 145, 144, 150, 149, 148, 147, 146, 145, 144, 150, 149, 148, 147, 146, 145, 144, 150, 149, 148, 147, 146, 145, 144, 150, 149, 148, 147, 146, 145, 144, 150, 149, 148, 147, 146, 145, 144, 150, 149, 148, 147, 146, 145, 144, 151, 150, 149, 148, 147, 146, 145, 144, 151, 150, 149, 148, 147, 146, 145, 151, 150, 149, 148, 147, 146, 145, 151, 150, 149, 148, 147, 146, 145, 151, 150, 149, 148, 147, 146, 145, 151, 150, 149, 148, 147, 146, 145, 151, 150, 149, 148, 147, 146, 145, 151, 150, 149, 148, 147, 146, 145, 151, 150, 149, 148, 147, 146, 145, 151, 150, 149, 148, 147, 146, 145, 152, 151, 150, 149, 148, 147, 146, 145, 152, 151, 150, 149, 148, 147, 146, 152, 151, 150, 149, 148, 147, 146, 152, 151, 150, 149, 148, 147, 146, 152, 151, 150, 149, 148, 147, 146, 152, 151, 150, 149, 148, 147, 146, 152, 151, 150, 149, 148, 147, 146, 152, 151, 150, 149, 148, 147, 146, 152, 151, 150, 149, 148, 147, 146, 152, 151, 150, 149, 148, 147, 146, 153, 152, 151, 150, 149, 148, 147, 146, 153, 152, 151, 150, 149, 148, 147, 153, 152, 151, 150, 149, 148, 147, 153, 152, 151, 150, 149, 148, 147, 153, 152, 151, 150, 149, 148, 147, 153, 152, 151, 150, 149, 148, 147, 153, 152, 151, 150, 149, 148, 147, 153, 152, 151, 150, 149, 148, 147, 153, 152, 151, 150, 149, 148, 147, 153, 152, 151, 150, 149, 148, 147, 154, 153, 152, 151, 150, 149, 148, 147, 154, 153, 152, 151, 150, 149, 148, 154, 153, 152, 151, 150, 149, 148, 154, 153, 152, 151, 150, 149, 148, 154, 153, 152, 151, 150, 149, 148, 154, 153, 152, 151, 150, 149, 148, 154, 153, 152, 151, 150, 149, 148, 154, 153, 152, 151, 150, 149, 148, 154, 153, 152, 151, 150, 149, 148, 154, 153, 152, 151, 150, 149, 148, 155, 154, 153, 152, 151, 150, 149, 148, 155, 154, 153, 152, 151, 150, 149, 155, 154, 153, 152, 151, 150, 149, 155, 154, 153, 152, 151, 150, 149, 155, 154, 153, 152, 151, 150, 149, 155, 154, 153, 152, 151, 150, 149, 155, 154, 153, 152, 151, 150, 149, 155, 154, 153, 152, 151, 150, 149, 155, 154, 153, 152, 151, 150, 149, 155, 154, 153, 152, 151, 150, 149, 156, 155, 154, 153, 152, 151, 150, 149, 156, 155, 154, 153, 152, 151, 150, 156, 155, 154, 153, 152, 151, 150, 156, 155, 154, 153, 152, 151, 150, 156, 155, 154, 153, 152, 151, 150, 156, 155, 154, 153, 152, 151, 150, 156, 155, 154, 153, 152, 151, 150, 156, 155, 154, 153, 152, 151, 150, 156, 155, 154, 153, 152, 151, 150, 156, 155, 154, 153, 152, 151, 150, 157, 156, 155, 154, 153, 152, 151, 150, 157, 156, 155, 154, 153, 152, 151, 157, 156, 155, 154, 153, 152, 151, 157, 156, 155, 154, 153, 152, 151, 157, 156, 155, 154, 153, 152, 151, 157, 156, 155, 154, 153, 152, 151, 157, 156, 155, 154, 153, 152, 151, 157, 156, 155, 154, 153, 152, 151, 157, 156, 155, 154, 153, 152, 151, 157, 156, 155, 154, 153, 152, 151, 158, 157, 156, 155, 154, 153, 152, 151, 158, 157, 156, 155, 154, 153, 152, 158, 157, 156, 155, 154, 153, 152, 158, 157, 156, 155, 154, 153, 152, 158, 157, 156, 155, 154, 153, 152, 158, 157, 156, 155, 154, 153, 152, 158, 157, 156, 155, 154, 153, 152, 158, 157, 156, 155, 154, 153, 152, 158, 157, 156, 155, 154, 153, 152, 158, 157, 156, 155, 154, 153, 152, 159, 158, 157, 156, 155, 154, 153, 152, 159, 158, 157, 156, 155, 154, 153, 159, 158, 157, 156, 155, 154, 153, 159, 158, 157, 156, 155, 154, 153, 159, 158, 157, 156, 155, 154, 153, 159, 158, 157, 156, 155, 154, 153, 159, 158, 157, 156, 155, 154, 153, 159, 158, 157, 156, 155, 154, 153, 159, 158, 157, 156, 155, 154, 153, 159, 158, 157, 156, 155, 154, 153, 160, 159, 158, 157, 156, 155, 154, 153, 160, 159, 158, 157, 156, 155, 154, 160, 159, 158, 157, 156, 155, 154, 160, 159, 158, 157, 156, 155, 154, 160, 159, 158, 157, 156, 155, 154, 160, 159, 158, 157, 156, 155, 154, 160, 159, 158, 157, 156, 155, 154, 160, 159, 158, 157, 156, 155, 154, 160, 159, 158, 157, 156, 155, 154, 160, 159, 158, 157, 156, 155, 154, 161, 160, 159, 158, 157, 156, 155, 154, 161, 160, 159, 158, 157, 156, 155, 161, 160, 159, 158, 157, 156, 155, 161, 160, 159, 158, 157, 156, 155, 161, 160, 159, 158, 157, 156, 155, 161, 160, 159, 158, 157, 156, 155, 161, 160, 159, 158, 157, 156, 155, 161, 160, 159, 158, 157, 156, 155, 161, 160, 159, 158, 157, 156, 155, 161, 160, 159, 158, 157, 156, 155, 162, 161, 160, 159, 158, 157, 156, 155, 162, 161, 160, 159, 158, 157, 156, 162, 161, 160, 159, 158, 157, 156, 162, 161, 160, 159, 158, 157, 156, 162, 161, 160, 159, 158, 157, 156, 162, 161, 160, 159, 158, 157, 156, 162, 161, 160, 159, 158, 157, 156, 162, 161, 160, 159, 158, 157, 156, 162, 161, 160, 159, 158, 157, 156, 162, 161, 160, 159, 158, 157, 156, 163, 162, 161, 160, 159, 158, 157, 156, 163, 162, 161, 160, 159, 158, 157, 163, 162, 161, 160, 159, 158, 157, 163, 162, 161, 160, 159, 158, 157, 163, 162, 161, 160, 159, 158, 157, 163, 162, 161, 160, 159, 158, 157, 163, 162, 161, 160, 159, 158, 157, 163, 162, 161, 160, 159, 158, 157, 163, 162, 161, 160, 159, 158, 157, 163, 162, 161, 160, 159, 158, 157, 164, 163, 162, 161, 160, 159, 158, 157, 164, 163, 162, 161, 160, 159, 158, 164, 163, 162, 161, 160, 159, 158, 164, 163, 162, 161, 160, 159, 158, 164, 163, 162, 161, 160, 159, 158, 164, 163, 162, 161, 160, 159, 158, 164, 163, 162, 161, 160, 159, 158, 164, 163, 162, 161, 160, 159, 158, 164, 163, 162, 161, 160, 159, 158, 164, 163, 162, 161, 160, 159, 158, 165, 164, 163, 162, 161, 160, 159, 158, 165, 164, 163, 162, 161, 160, 159, 165, 164, 163, 162, 161, 160, 159, 165, 164, 163, 162, 161, 160, 159, 165, 164, 163, 162, 161, 160, 159, 165, 164, 163, 162, 161, 160, 159, 165, 164, 163, 162, 161, 160, 159, 165, 164, 163, 162, 161, 160, 159, 165, 164, 163, 162, 161, 160, 159, 165, 164, 163, 162, 161, 160, 159, 166, 165, 164, 163, 162, 161, 160, 159, 166, 165, 164, 163, 162, 161, 160, 166, 165, 164, 163, 162, 161, 160, 166, 165, 164, 163, 162, 161, 160, 166, 165, 164, 163, 162, 161, 160, 166, 165, 164, 163, 162, 161, 160, 166, 165, 164, 163, 162, 161, 160, 166, 165, 164, 163, 162, 161, 160, 166, 165, 164, 163, 162, 161, 160, 166, 165, 164, 163, 162, 161, 160, 167, 166, 165, 164, 163, 162, 161, 160, 167, 166, 165, 164, 163, 162, 161, 167, 166, 165, 164, 163, 162, 161, 167, 166, 165, 164, 163, 162, 161, 167, 166, 165, 164, 163, 162, 161, 167, 166, 165, 164, 163, 162, 161, 167, 166, 165, 164, 163, 162, 161, 167, 166, 165, 164, 163, 162, 161, 167, 166, 165, 164, 163, 162, 161, 167, 166, 165, 164, 163, 162, 161, 168, 167, 166, 165, 164, 163, 162, 161, 168, 167, 166, 165, 164, 163, 162, 168, 167, 166, 165, 164, 163, 162, 168, 167, 166, 165, 164, 163, 162, 168, 167, 166, 165, 164, 163, 162, 168, 167, 166, 165, 164, 163, 162, 168, 167, 166, 165, 164, 163, 162, 168, 167, 166, 165, 164, 163, 162, 168, 167, 166, 165, 164, 163, 162, 168, 167, 166, 165, 164, 163, 162, 169, 168, 167, 166, 165, 164, 163, 162, 169, 168, 167, 166, 165, 164, 163, 169, 168, 167, 166, 165, 164, 163, 169, 168, 167, 166, 165, 164, 163, 169, 168, 167, 166, 165, 164, 163, 169, 168, 167, 166, 165, 164, 163, 169, 168, 167, 166, 165, 164, 163, 169, 168, 167, 166, 165, 164, 163, 169, 168, 167, 166, 165, 164, 163, 169, 168, 167, 166, 165, 164, 163, 170, 169, 168, 167, 166, 165, 164, 163, 170, 169, 168, 167, 166, 165, 164, 170, 169, 168, 167, 166, 165, 164, 170, 169, 168, 167, 166, 165, 164, 170, 169, 168, 167, 166, 165, 164, 170, 169, 168, 167, 166, 165, 164, 170, 169, 168, 167, 166, 165, 164, 170, 169, 168, 167, 166, 165, 164, 170, 169, 168, 167, 166, 165, 164, 170, 169, 168, 167, 166, 165, 164, 171, 170, 169, 168, 167, 166, 165, 164, 171, 170, 169, 168, 167, 166, 165, 171, 170, 169, 168, 167, 166, 165, 171, 170, 169, 168, 167, 166, 165, 171, 170, 169, 168, 167, 166, 165, 171, 170, 169, 168, 167, 166, 165, 171, 170, 169, 168, 167, 166, 165, 171, 170, 169, 168, 167, 166, 165, 171, 170, 169, 168, 167, 166, 165, 171, 170, 169, 168, 167, 166, 165, 172, 171, 170, 169, 168, 167, 166, 165, 172, 171, 170, 169, 168, 167, 166, 172, 171, 170, 169, 168, 167, 166, 172, 171, 170, 169, 168, 167, 166, 172, 171, 170, 169, 168, 167, 166, 172, 171, 170, 169, 168, 167, 166, 172, 171, 170, 169, 168, 167, 166, 172, 171, 170, 169, 168, 167, 166, 172, 171, 170, 169, 168, 167, 166, 172, 171, 170, 169, 168, 167, 166, 173, 172, 171, 170, 169, 168, 167, 166, 173, 172, 171, 170, 169, 168, 167, 173, 172, 171, 170, 169, 168, 167, 173, 172, 171, 170, 169, 168, 167, 173, 172, 171, 170, 169, 168, 167, 173, 172, 171, 170, 169, 168, 167, 173, 172, 171, 170, 169, 168, 167, 173, 172, 171, 170, 169, 168, 167, 173, 172, 171, 170, 169, 168, 167, 173, 172, 171, 170, 169, 168, 167, 174, 173, 172, 171, 170, 169, 168, 167, 174, 173, 172, 171, 170, 169, 168, 174, 173, 172, 171, 170, 169, 168, 174, 173, 172, 171, 170, 169, 168, 174, 173, 172, 171, 170, 169, 168, 174, 173, 172, 171, 170, 169, 168, 174, 173, 172, 171, 170, 169, 168, 174, 173, 172, 171, 170, 169, 168, 174, 173, 172, 171, 170, 169, 168, 174, 173, 172, 171, 170, 169, 168, 175, 174, 173, 172, 171, 170, 169, 168, 175, 174, 173, 172, 171, 170, 169, 175, 174, 173, 172, 171, 170, 169, 175, 174, 173, 172, 171, 170, 169, 175, 174, 173, 172, 171, 170, 169, 175, 174, 173, 172, 171, 170, 169, 175, 174, 173, 172, 171, 170, 169, 175, 174, 173, 172, 171, 170, 169, 175, 174, 173, 172, 171, 170, 169, 175, 174, 173, 172, 171, 170, 169, 176, 175, 174, 173, 172, 171, 170, 169, 176, 175, 174, 173, 172, 171, 170, 176, 175, 174, 173, 172, 171, 170, 176, 175, 174, 173, 172, 171, 170, 176, 175, 174, 173, 172, 171, 170, 176, 175, 174, 173, 172, 171, 170, 176, 175, 174, 173, 172, 171, 170, 176, 175, 174, 173, 172, 171, 170, 176, 175, 174, 173, 172, 171, 170, 176, 175, 174, 173, 172, 171, 170, 177, 176, 175, 174, 173, 172, 171, 170, 177, 176, 175, 174, 173, 172, 171, 177, 176, 175, 174, 173, 172, 171, 177, 176, 175, 174, 173, 172, 171, 177, 176, 175, 174, 173, 172, 171, 177, 176, 175, 174, 173, 172, 171, 177, 176, 175, 174, 173, 172, 171, 177, 176, 175, 174, 173, 172, 171, 177, 176, 175, 174, 173, 172, 171, 177, 176, 175, 174, 173, 172, 171, 178, 177, 176, 175, 174, 173, 172, 171, 178, 177, 176, 175, 174, 173, 172, 178, 177, 176, 175, 174, 173, 172, 178, 177, 176, 175, 174, 173, 172, 178, 177, 176, 175, 174, 173, 172, 178, 177, 176, 175, 174, 173, 172, 178, 177, 176, 175, 174, 173, 172, 178, 177, 176, 175, 174, 173, 172, 178, 177, 176, 175, 174, 173, 172, 178, 177, 176, 175, 174, 173, 172, 179, 178, 177, 176, 175, 174, 173, 172, 179, 178, 177, 176, 175, 174, 173, 179, 178, 177, 176, 175, 174, 173, 179, 178, 177, 176, 175, 174, 173, 179, 178, 177, 176, 175, 174, 173, 179, 178, 177, 176, 175, 174, 173, 179, 178, 177, 176, 175, 174, 173, 179, 178, 177, 176, 175, 174, 173, 179, 178, 177, 176, 175, 174, 173, 179, 178, 177, 176, 175, 174, 173, 180, 179, 178, 177, 176, 175, 174, 173, 180, 179, 178, 177, 176, 175, 174, 180, 179, 178, 177, 176, 175, 174, 180, 179, 178, 177, 176, 175, 174, 180, 179, 178, 177, 176, 175, 174, 180, 179, 178, 177, 176, 175, 174, 180, 179, 178, 177, 176, 175, 174, 180, 179, 178, 177, 176, 175, 174, 180, 179, 178, 177, 176, 175, 174, 180, 179, 178, 177, 176, 175, 174, 181, 180, 179, 178, 177, 176, 175, 174, 181, 180, 179, 178, 177, 176, 175, 181, 180, 179, 178, 177, 176, 175, 181, 180, 179, 178, 177, 176, 175, 181, 180, 179, 178, 177, 176, 175, 181, 180, 179, 178, 177, 176, 175, 181, 180, 179, 178, 177, 176, 175, 181, 180, 179, 178, 177, 176, 175, 181, 180, 179, 178, 177, 176, 175, 181, 180, 179, 178, 177, 176, 175, 182, 181, 180, 179, 178, 177, 176, 175, 182, 181, 180, 179, 178, 177, 176, 182, 181, 180, 179, 178, 177, 176, 182, 181, 180, 179, 178, 177, 176, 182, 181, 180, 179, 178, 177, 176, 182, 181, 180, 179, 178, 177, 176, 182, 181, 180, 179, 178, 177, 176, 182, 181, 180, 179, 178, 177, 176, 182, 181, 180, 179, 178, 177, 176, 182, 181, 180, 179, 178, 177, 176, 183, 182, 181, 180, 179, 178, 177, 176, 183, 182, 181, 180, 179, 178, 177, 183, 182, 181, 180, 179, 178, 177, 183, 182, 181, 180, 179, 178, 177, 183, 182, 181, 180, 179, 178, 177, 183, 182, 181, 180, 179, 178, 177, 183, 182, 181, 180, 179, 178, 177, 183, 182, 181, 180, 179, 178, 177, 183, 182, 181, 180, 179, 178, 177, 183, 182, 181, 180, 179, 178, 177, 184, 183, 182, 181, 180, 179, 178, 177, 184, 183, 182, 181, 180, 179, 178, 184, 183, 182, 181, 180, 179, 178, 184, 183, 182, 181, 180, 179, 178, 184, 183, 182, 181, 180, 179, 178, 184, 183, 182, 181, 180, 179, 178, 184, 183, 182, 181, 180, 179, 178, 184, 183, 182, 181, 180, 179, 178, 184, 183, 182, 181, 180, 179, 178, 184, 183, 182, 181, 180, 179, 178, 185, 184, 183, 182, 181, 180, 179, 178, 185, 184, 183, 182, 181, 180, 179, 185, 184, 183, 182, 181, 180, 179, 185, 184, 183, 182, 181, 180, 179, 185, 184, 183, 182, 181, 180, 179, 185, 184, 183, 182, 181, 180, 179, 185, 184, 183, 182, 181, 180, 179, 185, 184, 183, 182, 181, 180, 179, 185, 184, 183, 182, 181, 180, 179, 185, 184, 183, 182, 181, 180, 179, 186, 185, 184, 183, 182, 181, 180, 179, 186, 185, 184, 183, 182, 181, 180, 186, 185, 184, 183, 182, 181, 180, 186, 185, 184, 183, 182, 181, 180, 186, 185, 184, 183, 182, 181, 180, 186, 185, 184, 183, 182, 181, 180, 186, 185, 184, 183, 182, 181, 180, 186, 185, 184, 183, 182, 181, 180, 186, 185, 184, 183, 182, 181, 180, 186, 185, 184, 183, 182, 181, 180, 187, 186, 185, 184, 183, 182, 181, 180, 187, 186, 185, 184, 183, 182, 181, 187, 186, 185, 184, 183, 182, 181, 187, 186, 185, 184, 183, 182, 181, 187, 186, 185, 184, 183, 182, 181, 187, 186, 185, 184, 183, 182, 181, 187, 186, 185, 184, 183, 182, 181, 187, 186, 185, 184, 183, 182, 181, 187, 186, 185, 184, 183, 182, 181, 187, 186, 185, 184, 183, 182, 181, 188, 187, 186, 185, 184, 183, 182, 181, 188, 187, 186, 185, 184, 183, 182, 188, 187, 186, 185, 184, 183, 182, 188, 187, 186, 185, 184, 183, 182, 188, 187, 186, 185, 184, 183, 182, 188, 187, 186, 185, 184, 183, 182, 188, 187, 186, 185, 184, 183, 182, 188, 187, 186, 185, 184, 183, 182, 188, 187, 186, 185, 184, 183, 182, 188, 187, 186, 185, 184, 183, 182, 189, 188, 187, 186, 185, 184, 183, 182, 189, 188, 187, 186, 185, 184, 183, 189, 188, 187, 186, 185, 184, 183, 189, 188, 187, 186, 185, 184, 183, 189, 188, 187, 186, 185, 184, 183, 189, 188, 187, 186, 185, 184, 183, 189, 188, 187, 186, 185, 184, 183, 189, 188, 187, 186, 185, 184, 183, 189, 188, 187, 186, 185, 184, 183, 189, 188, 187, 186, 185, 184, 183, 190, 189, 188, 187, 186, 185, 184, 183, 190, 189, 188, 187, 186, 185, 184, 190, 189, 188, 187, 186, 185, 184, 190, 189, 188, 187, 186, 185, 184, 190, 189, 188, 187, 186, 185, 184, 190, 189, 188, 187, 186, 185, 184, 190, 189, 188, 187, 186, 185, 184, 190, 189, 188, 187, 186, 185, 184, 190, 189, 188, 187, 186, 185, 184, 190, 189, 188, 187, 186, 185, 184, 191, 190, 189, 188, 187, 186, 185, 184, 191, 190, 189, 188, 187, 186, 185, 191, 190, 189, 188, 187, 186, 185, 191, 190, 189, 188, 187, 186, 185, 191, 190, 189, 188, 187, 186, 185, 191, 190, 189, 188, 187, 186, 185, 191, 190, 189, 188, 187, 186, 185, 191, 190, 189, 188, 187, 186, 185, 191, 190, 189, 188, 187, 186, 185, 191, 190, 189, 188, 187, 186, 185, 192, 191, 190, 189, 188, 187, 186, 185, 192, 191, 190, 189, 188, 187, 186, 192, 191, 190, 189, 188, 187, 186, 192, 191, 190, 189, 188, 187, 186, 192, 191, 190, 189, 188, 187, 186, 192, 191, 190, 189, 188, 187, 186, 192, 191, 190, 189, 188, 187, 186, 192, 191, 190, 189, 188, 187, 186, 192, 191, 190, 189, 188, 187, 186, 192, 191, 190, 189, 188, 187, 186, 193, 192, 191, 190, 189, 188, 187, 186, 193, 192, 191, 190, 189, 188, 187, 193, 192, 191, 190, 189, 188, 187, 193, 192, 191, 190, 189, 188, 187, 193, 192, 191, 190, 189, 188, 187, 193, 192, 191, 190, 189, 188, 187, 193, 192, 191, 190, 189, 188, 187, 193, 192, 191, 190, 189, 188, 187, 193, 192, 191, 190, 189, 188, 187, 193, 192, 191, 190, 189, 188, 187, 194, 193, 192, 191, 190, 189, 188, 187, 194, 193, 192, 191, 190, 189, 188, 194, 193, 192, 191, 190, 189, 188, 194, 193, 192, 191, 190, 189, 188, 194, 193, 192, 191, 190, 189, 188, 194, 193, 192, 191, 190, 189, 188, 194, 193, 192, 191, 190, 189, 188, 194, 193, 192, 191, 190, 189, 188, 194, 193, 192, 191, 190, 189, 188, 194, 193, 192, 191, 190, 189, 188, 195, 194, 193, 192, 191, 190, 189, 188, 195, 194, 193, 192, 191, 190, 189, 195, 194, 193, 192, 191, 190, 189, 195, 194, 193, 192, 191, 190, 189, 195, 194, 193, 192, 191, 190, 189, 195, 194, 193, 192, 191, 190, 189, 195, 194, 193, 192, 191, 190, 189, 195, 194, 193, 192, 191, 190, 189, 195, 194, 193, 192, 191, 190, 189, 195, 194, 193, 192, 191, 190, 189, 196, 195, 194, 193, 192, 191, 190, 189, 196, 195, 194, 193, 192, 191, 190, 196, 195, 194, 193, 192, 191, 190, 196, 195, 194, 193, 192, 191, 190, 196, 195, 194, 193, 192, 191, 190, 196, 195, 194, 193, 192, 191, 190, 196, 195, 194, 193, 192, 191, 190, 196, 195, 194, 193, 192, 191, 190, 196, 195, 194, 193, 192, 191, 190, 196, 195, 194, 193, 192, 191, 190, 197, 196, 195, 194, 193, 192, 191, 190, 197, 196, 195, 194, 193, 192, 191, 197, 196, 195, 194, 193, 192, 191, 197, 196, 195, 194, 193, 192, 191, 197, 196, 195, 194, 193, 192, 191, 197, 196, 195, 194, 193, 192, 191, 197, 196, 195, 194, 193, 192, 191, 197, 196, 195, 194, 193, 192, 191, 197, 196, 195, 194, 193, 192, 191, 197, 196, 195, 194, 193, 192, 191, 198, 197, 196, 195, 194, 193, 192, 191, 198, 197, 196, 195, 194, 193, 192, 198, 197, 196, 195, 194, 193, 192, 198, 197, 196, 195, 194, 193, 192, 198, 197, 196, 195, 194, 193, 192, 198, 197, 196, 195, 194, 193, 192, 198, 197, 196, 195, 194, 193, 192, 198, 197, 196, 195, 194, 193, 192, 198, 197, 196, 195, 194, 193, 192, 198, 197, 196, 195, 194, 193, 192, 199, 198, 197, 196, 195, 194, 193, 192, 199, 198, 197, 196, 195, 194, 193, 199, 198, 197, 196, 195, 194, 193, 199, 198, 197, 196, 195, 194, 193, 199, 198, 197, 196, 195, 194, 193, 199, 198, 197, 196, 195, 194, 193, 199, 198, 197, 196, 195, 194, 193, 199, 198, 197, 196, 195, 194, 193, 199, 198, 197, 196, 195, 194, 193, 199, 198, 197, 196, 195, 194, 193, 200, 199, 198, 197, 196, 195, 194, 193, 200, 199, 198, 197, 196, 195, 194, 200, 199, 198, 197, 196, 195, 194, 200, 199, 198, 197, 196, 195, 194, 200, 199, 198, 197, 196, 195, 194, 200, 199, 198, 197, 196, 195, 194, 200, 199, 198, 197, 196, 195, 194, 200, 199, 198, 197, 196, 195, 194, 200, 199, 198, 197, 196, 195, 194, 200, 199, 198, 197, 196, 195, 194, 201, 200, 199, 198, 197, 196, 195, 194, 201, 200, 199, 198, 197, 196, 195, 201, 200, 199, 198, 197, 196, 195, 201, 200, 199, 198, 197, 196, 195, 201, 200, 199, 198, 197, 196, 195, 201, 200, 199, 198, 197, 196, 195, 201, 200, 199, 198, 197, 196, 195, 201, 200, 199, 198, 197, 196, 195, 201, 200, 199, 198, 197, 196, 195, 201, 200, 199, 198, 197, 196, 195, 202, 201, 200, 199, 198, 197, 196, 195, 202, 201, 200, 199, 198, 197, 196, 202, 201, 200, 199, 198, 197, 196, 202, 201, 200, 199, 198, 197, 196, 202, 201, 200, 199, 198, 197, 196, 202, 201, 200, 199, 198, 197, 196, 202, 201, 200, 199, 198, 197, 196, 202, 201, 200, 199, 198, 197, 196, 202, 201, 200, 199, 198, 197, 196, 202, 201, 200, 199, 198, 197, 196, 203, 202, 201, 200, 199, 198, 197, 196, 203, 202, 201, 200, 199, 198, 197, 203, 202, 201, 199, 198, 197, 200, 203, 202, 201, 199, 198, 197, 200, 203, 202, 201, 199, 198, 197, 200, 203, 202, 201, 199, 198, 197, 200, 203, 202, 201, 199, 198, 197, 200, 203, 202, 201, 199, 198, 197, 200, 203, 202, 201, 199, 198, 197, 200, 203, 202, 201, 199, 198, 197, 200, 203, 204, 202, 200, 199, 198, 201, 197, 204, 203, 202, 201, 200, 199, 198, 204, 203, 202, 200, 199, 198, 201, 204, 203, 202, 199, 198, 201, 200, 204, 203, 202, 199, 198, 201, 200, 204, 203, 202, 199, 198, 201, 200, 204, 203, 202, 199, 198, 201, 200, 204, 203, 202, 199, 198, 201, 200, 204, 203, 202, 199, 198, 201, 200, 204, 203, 202, 199, 198, 201, 200, 204, 205, 203, 200, 199, 202, 201, 198, 205, 204, 203, 202, 201, 200, 199, 205, 204, 203, 201, 200, 199, 202, 205, 204, 203, 199, 202, 201, 200, 205, 204, 203, 199, 202, 201, 200, 205, 204, 203, 199, 202, 201, 200, 205, 204, 203, 199, 202, 201, 200, 205, 204, 203, 199, 202, 201, 200, 205, 204, 203, 199, 202, 201, 200, 205, 204, 203, 199, 202, 201, 200, 205, 206, 204, 200, 203, 202, 201, 199, 206, 205, 204, 203, 202, 201, 200, 206, 205, 204, 202, 201, 200, 203, 206, 205, 204, 203, 202, 201, 200, 206, 205, 204, 203, 202, 201, 200, 206, 205, 204, 203, 202, 201, 200, 206, 205, 204, 203, 202, 201, 200, 206, 205, 204, 203, 202, 201, 200, 206, 205, 204, 203, 202, 201, 200, 206, 205, 204, 203, 202, 201, 200, 206, 207, 205, 204, 203, 202, 201, 200, 207, 206, 205, 204, 203, 202, 201, 207, 206, 205, 203, 202, 201, 204, 207, 206, 205, 203, 202, 201, 204, 207, 206, 205, 203, 202, 201, 204, 207, 206, 205, 203, 202, 201, 204, 207, 206, 205, 203, 202, 201, 204, 207, 206, 205, 203, 202, 201, 204, 207, 206, 205, 203, 202, 201, 204, 207, 206, 205, 203, 202, 201, 204, 207, 208, 206, 204, 203, 202, 205, 201, 208, 207, 206, 205, 204, 203, 202, 208, 207, 206, 204, 203, 202, 205, 208, 207, 206, 203, 202, 205, 204, 208, 207, 206, 203, 202, 205, 204, 208, 207, 206, 203, 202, 205, 204, 208, 207, 206, 203, 202, 205, 204, 208, 207, 206, 203, 202, 205, 204, 208, 207, 206, 203, 202, 205, 204, 208, 207, 206, 203, 202, 205, 204, 208, 209, 207, 204, 203, 206, 205, 202, 209, 208, 207, 206, 205, 204, 203, 209, 208, 207, 205, 204, 203, 206, 209, 208, 207, 203, 206, 205, 204, 209, 208, 207, 203, 206, 205, 204, 209, 208, 207, 203, 206, 205, 204, 209, 208, 207, 203, 206, 205, 204, 209, 208, 207, 203, 206, 205, 204, 209, 208, 207, 203, 206, 205, 204, 209, 208, 207, 203, 206, 205, 204, 209, 210, 208, 204, 207, 206, 205, 203, 210, 209, 208, 207, 206, 205, 204, 210, 209, 208, 206, 205, 204, 207, 210, 209, 208, 207, 206, 205, 204, 210, 209, 208, 207, 206, 205, 204, 210, 209, 208, 207, 206, 205, 204, 210, 209, 208, 207, 206, 205, 204, 210, 209, 208, 207, 206, 205, 204, 210, 209, 208, 207, 206, 205, 204, 210, 209, 208, 207, 206, 205, 204, 210, 211, 209, 208, 207, 206, 205, 204, 211, 210, 209, 208, 207, 206, 205, 211, 210, 209, 207, 206, 205, 208, 211, 210, 209, 207, 206, 205, 208, 211, 210, 209, 207, 206, 205, 208, 211, 210, 209, 207, 206, 205, 208, 211, 210, 209, 207, 206, 205, 208, 211, 210, 209, 207, 206, 205, 208, 211, 210, 209, 207, 206, 205, 208, 211, 210, 209, 207, 206, 205, 208, 211, 212, 210, 208, 207, 206, 209, 205, 212, 211, 210, 209, 208, 207, 206, 212, 211, 210, 208, 207, 206, 209, 212, 211, 210, 207, 206, 209, 208, 212, 211, 210, 207, 206, 209, 208, 212, 211, 210, 207, 206, 209, 208, 212, 211, 210, 207, 206, 209, 208, 212, 211, 210, 207, 206, 209, 208, 212, 211, 210, 207, 206, 209, 208, 212, 211, 210, 207, 206, 209, 208, 212, 213, 211, 208, 207, 210, 209, 206, 213, 212, 211, 210, 209, 208, 207, 213, 212, 211, 209, 208, 207, 210, 213, 212, 211, 207, 210, 209, 208, 213, 212, 211, 207, 210, 209, 208, 213, 212, 211, 207, 210, 209, 208, 213, 212, 211, 207, 210, 209, 208, 213, 212, 211, 207, 210, 209, 208, 213, 212, 211, 207, 210, 209, 208, 213, 212, 211, 207, 210, 209, 208, 213, 214, 212, 208, 211, 210, 209, 207, 214, 213, 212, 211, 210, 209, 208, 214, 213, 212, 210, 209, 208, 211, 214, 213, 212, 211, 210, 209, 208, 214, 213, 212, 211, 210, 209, 208, 214, 213, 212, 211, 210, 209, 208, 214, 213, 212, 211, 210, 209, 208, 214, 213, 212, 211, 210, 209, 208, 214, 213, 212, 211, 210, 209, 208, 214, 213, 212, 211, 210, 209, 208, 214, 215, 213, 212, 211, 210, 209, 208, 215, 214, 213, 212, 211, 210, 209, 215, 214, 213, 211, 210, 209, 212, 215, 214, 213, 211, 210, 209, 212, 215, 214, 213, 211, 210, 209, 212, 215, 214, 213, 211, 210, 209, 212, 215, 214, 213, 211, 210, 209, 212, 215, 214, 213, 211, 210, 209, 212, 215, 214, 213, 211, 210, 209, 212, 215, 214, 213, 211, 210, 209, 212, 215, 216, 214, 212, 211, 210, 213, 209, 216, 215, 214, 213, 212, 211, 210, 216, 215, 214, 212, 211, 210, 213, 216, 215, 214, 211, 210, 213, 212, 216, 215, 214, 211, 210, 213, 212, 216, 215, 214, 211, 210, 213, 212, 216, 215, 214, 211, 210, 213, 212, 216, 215, 214, 211, 210, 213, 212, 216, 215, 214, 211, 210, 213, 212, 216, 215, 214, 211, 210, 213, 212, 216, 217, 215, 212, 211, 214, 213, 210, 217, 216, 215, 214, 213, 212, 211, 217, 216, 215, 213, 212, 211, 214, 217, 216, 215, 211, 214, 213, 212, 217, 216, 215, 211, 214, 213, 212, 217, 216, 215, 211, 214, 213, 212, 217, 216, 215, 211, 214, 213, 212, 217, 216, 215, 211, 214, 213, 212, 217, 216, 215, 211, 214, 213, 212, 217, 216, 215, 211, 214, 213, 212, 217, 218, 216, 212, 215, 214, 213, 211, 218, 217, 216, 215, 214, 213, 212, 218, 217, 216, 214, 213, 212, 215, 218, 217, 216, 215, 214, 213, 212, 218, 217, 216, 215, 214, 213, 212, 218, 217, 216, 215, 214, 213, 212, 218, 217, 216, 215, 214, 213, 212, 218, 217, 216, 215, 214, 213, 212, 218, 217, 216, 215, 214, 213, 212, 218, 217, 216, 215, 214, 213, 212, 218, 219, 217, 216, 215, 214, 213, 212, 219, 218, 217, 216, 215, 214, 213, 219, 218, 217, 215, 214, 213, 216, 219, 218, 217, 215, 214, 213, 216, 219, 218, 217, 215, 214, 213, 216, 219, 218, 217, 215, 214, 213, 216, 219, 218, 217, 215, 214, 213, 216, 219, 218, 217, 215, 214, 213, 216, 219, 218, 217, 215, 214, 213, 216, 219, 218, 217, 215, 214, 213, 216, 219, 220, 218, 216, 215, 214, 217, 213, 220, 219, 218, 217, 216, 215, 214, 220, 219, 218, 216, 215, 214, 217, 220, 219, 218, 215, 214, 217, 216, 220, 219, 218, 215, 214, 217, 216, 220, 219, 218, 215, 214, 217, 216, 220, 219, 218, 215, 214, 217, 216, 220, 219, 218, 215, 214, 217, 216, 220, 219, 218, 215, 214, 217, 216, 220, 219, 218, 215, 214, 217, 216, 220, 221, 219, 216, 215, 218, 217, 214, 221, 220, 219, 218, 217, 216, 215, 221, 220, 219, 217, 216, 215, 218, 221, 220, 219, 215, 218, 217, 216, 221, 220, 219, 215, 218, 217, 216, 221, 220, 219, 215, 218, 217, 216, 221, 220, 219, 215, 218, 217, 216, 221, 220, 219, 215, 218, 217, 216, 221, 220, 219, 215, 218, 217, 216, 221, 220, 219, 215, 218, 217, 216, 221, 222, 220, 216, 219, 218, 217, 215, 222, 221, 220, 219, 218, 217, 216, 222, 221, 220, 218, 217, 216, 219, 222, 221, 220, 219, 218, 217, 216, 222, 221, 220, 219, 218, 217, 216, 222, 221, 220, 219, 218, 217, 216, 222, 221, 220, 219, 218, 217, 216, 222, 221, 220, 219, 218, 217, 216, 222, 221, 220, 219, 218, 217, 216, 222, 221, 220, 219, 218, 217, 216, 222, 223, 221, 220, 219, 218, 217, 216, 223, 222, 221, 220, 219, 218, 217, 223, 222, 221, 219, 218, 217, 220, 223, 222, 221, 219, 218, 217, 220, 223, 222, 221, 219, 218, 217, 220, 223, 222, 221, 219, 218, 217, 220, 223, 222, 221, 219, 218, 217, 220, 223, 222, 221, 219, 218, 217, 220, 223, 222, 221, 219, 218, 217, 220, 223, 222, 221, 219, 218, 217, 220, 223, 224, 222, 220, 219, 218, 221, 217, 224, 223, 222, 221, 220, 219, 218, 224, 223, 222, 220, 219, 218, 221, 224, 223, 222, 219, 218, 221, 220, 224, 223, 222, 219, 218, 221, 220, 224, 223, 222, 219, 218, 221, 220, 224, 223, 222, 219, 218, 221, 220, 224, 223, 222, 219, 218, 221, 220, 224, 223, 222, 219, 218, 221, 220, 224, 223, 222, 219, 218, 221, 220, 224, 225, 223, 220, 219, 222, 221, 218, 225, 224, 223, 222, 221, 220, 219, 225, 224, 223, 221, 220, 219, 222, 225, 224, 223, 219, 222, 221, 220, 225, 224, 223, 219, 222, 221, 220, 225, 224, 223, 219, 222, 221, 220, 225, 224, 223, 219, 222, 221, 220, 225, 224, 223, 219, 222, 221, 220, 225, 224, 223, 219, 222, 221, 220, 225, 224, 223, 219, 222, 221, 220, 225, 226, 224, 220, 223, 222, 221, 219, 226, 225, 224, 223, 222, 221, 220, 226, 225, 224, 222, 221, 220, 223, 226, 225, 224, 223, 222, 221, 220, 226, 225, 224, 223, 222, 221, 220, 226, 225, 224, 223, 222, 221, 220, 226, 225, 224, 223, 222, 221, 220, 226, 225, 224, 223, 222, 221, 220, 226, 225, 224, 223, 222, 221, 220, 226, 225, 224, 223, 222, 221, 220, 226, 227, 225, 224, 223, 222, 221, 220, 227, 226, 225, 224, 223, 222, 221, 227, 226, 225, 223, 222, 221, 224, 227, 226, 225, 223, 222, 221, 224, 227, 226, 225, 223, 222, 221, 224, 227, 226, 225, 223, 222, 221, 224, 227, 226, 225, 223, 222, 221, 224, 227, 226, 225, 223, 222, 221, 224, 227, 226, 225, 223, 222, 221, 224, 227, 226, 225, 223, 222, 221, 224, 227, 228, 226, 224, 223, 222, 225, 221, 228, 227, 226, 225, 224, 223, 222, 228, 227, 226, 224, 223, 222, 225, 228, 227, 226, 223, 222, 225, 224, 228, 227, 226, 223, 222, 225, 224, 228, 227, 226, 223, 222, 225, 224, 228, 227, 226, 223, 222, 225, 224, 228, 227, 226, 223, 222, 225, 224, 228, 227, 226, 223, 222, 225, 224, 228, 227, 226, 223, 222, 225, 224, 228, 229, 227, 224, 223, 226, 225, 222, 229, 228, 227, 226, 225, 224, 223, 229, 228, 227, 225, 224, 223, 226, 229, 228, 227, 223, 226, 225, 224, 229, 228, 227, 223, 226, 225, 224, 229, 228, 227, 223, 226, 225, 224, 229, 228, 227, 223, 226, 225, 224, 229, 228, 227, 223, 226, 225, 224, 229, 228, 227, 223, 226, 225, 224, 229, 228, 227, 223, 226, 225, 224, 229, 230, 228, 224, 227, 226, 225, 223, 230, 229, 228, 227, 226, 225, 224, 230, 229, 228, 226, 225, 224, 227, 230, 229, 228, 227, 226, 225, 224, 230, 229, 228, 227, 226, 225, 224, 230, 229, 228, 227, 226, 225, 224, 230, 229, 228, 227, 226, 225, 224, 230, 229, 228, 227, 226, 225, 224, 230, 229, 228, 227, 226, 225, 224, 230, 229, 228, 227, 226, 225, 224, 230, 231, 229, 228, 227, 226, 225, 224, 231, 230, 229, 228, 227, 226, 225, 231, 230, 229, 227, 226, 225, 228, 231, 230, 229, 227, 226, 225, 228, 231, 230, 229, 227, 226, 225, 228, 231, 230, 229, 227, 226, 225, 228, 231, 230, 229, 227, 226, 225, 228, 231, 230, 229, 227, 226, 225, 228, 231, 230, 229, 227, 226, 225, 228, 231, 230, 229, 227, 226, 225, 228, 231, 232, 230, 228, 227, 226, 229, 225, 232, 231, 230, 229, 228, 227, 226, 232, 231, 230, 228, 227, 226, 229, 232, 231, 230, 227, 226, 229, 228, 232, 231, 230, 227, 226, 229, 228, 232, 231, 230, 227, 226, 229, 228, 232, 231, 230, 227, 226, 229, 228, 232, 231, 230, 227, 226, 229, 228, 232, 231, 230, 227, 226, 229, 228, 232, 231, 230, 227, 226, 229, 228, 232, 233, 231, 228, 227, 230, 229, 226, 233, 232, 231, 230, 229, 228, 227, 233, 232, 231, 229, 228, 227, 230, 233, 232, 231, 227, 230, 229, 228, 233, 232, 231, 227, 230, 229, 228, 233, 232, 231, 227, 230, 229, 228, 233, 232, 231, 227, 230, 229, 228, 233, 232, 231, 227, 230, 229, 228, 233, 232, 231, 227, 230, 229, 228, 233, 232, 231, 227, 230, 229, 228, 233, 234, 232, 228, 231, 230, 229, 227, 234, 233, 232, 231, 230, 229, 228, 234, 233, 232, 230, 229, 228, 231, 234, 233, 232, 231, 230, 229, 228, 234, 233, 232, 231, 230, 229, 228, 234, 233, 232, 231, 230, 229, 228, 234, 233, 232, 231, 230, 229, 228, 234, 233, 232, 231, 230, 229, 228, 234, 233, 232, 231, 230, 229, 228, 234, 233, 232, 231, 230, 229, 228, 234, 235, 233, 232, 231, 230, 229, 228, 235, 234, 233, 232, 231, 230, 229, 235, 234, 233, 231, 230, 229, 232, 235, 234, 233, 231, 230, 229, 232, 235, 234, 233, 231, 230, 229, 232, 235, 234, 233, 231, 230, 229, 232, 235, 234, 233, 231, 230, 229, 232, 235, 234, 233, 231, 230, 229, 232, 235, 234, 233, 231, 230, 229, 232, 235, 234, 233, 231, 230, 229, 232, 235, 236, 234, 232, 231, 230, 233, 229, 236, 235, 234, 233, 232, 231, 230, 236, 235, 234, 232, 231, 230, 233, 236, 235, 234, 231, 230, 233, 232, 236, 235, 234, 231, 230, 233, 232, 236, 235, 234, 231, 230, 233, 232, 236, 235, 234, 231, 230, 233, 232, 236, 235, 234, 231, 230, 233, 232, 236, 235, 234, 231, 230, 233, 232, 236, 235, 234, 231, 230, 233, 232, 236, 237, 235, 232, 231, 234, 233, 230, 237, 236, 235, 234, 233, 232, 231, 237, 236, 235, 233, 232, 231, 234, 237, 236, 235, 231, 234, 233, 232, 237, 236, 235, 231, 234, 233, 232, 237, 236, 235, 231, 234, 233, 232, 237, 236, 235, 231, 234, 233, 232, 237, 236, 235, 231, 234, 233, 232, 237, 236, 235, 231, 234, 233, 232, 237, 236, 235, 231, 234, 233, 232, 237, 238, 236, 232, 235, 234, 233, 231, 238, 237, 236, 235, 234, 233, 232, 238, 237, 236, 234, 233, 232, 235, 238, 237, 236, 235, 234, 233, 232, 238, 237, 236, 235, 234, 233, 232, 238, 237, 236, 235, 234, 233, 232, 238, 237, 236, 235, 234, 233, 232, 238, 237, 236, 235, 234, 233, 232, 238, 237, 236, 235, 234, 233, 232, 238, 237, 236, 235, 234, 233, 232, 238, 239, 237, 236, 235, 234, 233, 232, 239, 238, 237, 236, 235, 234, 233, 239, 238, 237, 235, 234, 233, 236, 239, 238, 237, 235, 234, 233, 236, 239, 238, 237, 235, 234, 233, 236, 239, 238, 237, 235, 234, 233, 236, 239, 238, 237, 235, 234, 233, 236, 239, 238, 237, 235, 234, 233, 236, 239, 238, 237, 235, 234, 233, 236, 239, 238, 237, 235, 234, 233, 236, 239, 240, 238, 236, 235, 234, 237, 233, 240, 239, 238, 237, 236, 235, 234, 240, 239, 238, 236, 235, 234, 237, 240, 239, 238, 235, 234, 237, 236, 240, 239, 238, 235, 234, 237, 236, 240, 239, 238, 235, 234, 237, 236, 240, 239, 238, 235, 234, 237, 236, 240, 239, 238, 235, 234, 237, 236, 240, 239, 238, 235, 234, 237, 236, 240, 239, 238, 235, 234, 237, 236, 240, 241, 239, 236, 235, 238, 237, 234, 241, 240, 239, 238, 237, 236, 235, 241, 240, 239, 237, 236, 235, 238, 241, 240, 239, 235, 238, 237, 236, 241, 240, 239, 235, 238, 237, 236, 241, 240, 239, 235, 238, 237, 236, 241, 240, 239, 235, 238, 237, 236, 241, 240, 239, 235, 238, 237, 236, 241, 240, 239, 235, 238, 237, 236, 241, 240, 239, 235, 238, 237, 236, 241, 242, 240, 236, 239, 238, 237, 235, 242, 241, 240, 239, 238, 237, 236, 242, 241, 240, 238, 237, 236, 239, 242, 241, 240, 239, 238, 237, 236, 242, 241, 240, 239, 238, 237, 236, 242, 241, 240, 239, 238, 237, 236, 242, 241, 240, 239, 238, 237, 236, 242, 241, 240, 239, 238, 237, 236, 242, 241, 240, 239, 238, 237, 236, 242, 241, 240, 239, 238, 237, 236, 242, 243, 241, 240, 239, 238, 237, 236, 243, 242, 241, 240, 239, 238, 237, 243, 242, 241, 239, 238, 237, 240, 243, 242, 241, 239, 238, 237, 240, 243, 242, 241, 239, 238, 237, 240, 243, 242, 241, 239, 238, 237, 240, 243, 242, 241, 239, 238, 237, 240, 243, 242, 241, 239, 238, 237, 240, 243, 242, 241, 239, 238, 237, 240, 243, 242, 241, 239, 238, 237, 240, 243, 244, 242, 240, 239, 238, 241, 237, 4244, 243, 242, 241, 240, 239, 238, 244, 243, 242, 240, 239, 238, 241, 244, 243, 242, 240, 239, 238, 241, 244, 243, 242, 240, 239, 238, 241, 244, 243, 242, 240, 239, 238, 241, 244, 243, 242, 240, 239, 238, 241, 244, 243, 242, 240, 239, 238, 241, 244, 243, 242, 240, 239, 238, 241, 244, 243, 242, 240, 239, 238, 241, 244, 245, 243, 241, 240, 239, 242, 238, 245, 244, 243, 242, 241, 240, 239, 245, 244, 243, 241, 240, 239, 242, 245, 244, 243, 241, 240, 239, 242, 245, 244, 243, 241, 240, 239, 242, 245, 244, 243, 241, 240, 239, 242, 245, 244, 243, 241, 240, 239, 242, 245, 244, 243, 241, 240, 239, 242, 245, 244, 243, 241, 240, 239, 242, 245, 244, 243, 241, 240, 239, 242, 245, 246, 244, 241, 240, 243, 242, 239, 246, 245, 244, 243, 242, 241, 240, 246, 245, 244, 241, 240, 243, 242, 246, 245, 244, 241, 240, 243, 242, 246, 245, 244, 241, 240, 243, 242, 246, 245, 244, 241, 240, 243, 242, 246, 245, 244, 241, 240, 243, 242, 246, 245, 244, 241, 240, 243, 242, 246, 245, 244, 241, 240, 243, 242, 246, 245, 244, 241, 240, 243, 242, 246, 247, 245, 241, 244, 243, 242, 240, 247, 246, 245, 244, 243, 242, 241, 247, 246, 245, 242, 241, 244, 243, 247, 246, 245, 241, 244, 243, 242, 247, 246, 245, 241, 244, 243, 242, 247, 246, 245, 241, 244, 243, 242, 247, 246, 245, 241, 244, 243, 242, 247, 246, 245, 241, 244, 243, 242, 247, 246, 245, 241, 244, 243, 242, 247, 246, 245, 241, 244, 243, 242, 247, 248, 246, 245, 244, 243, 242, 241, 248, 247, 246, 245, 244, 243, 242, 248, 247, 246, 243, 242, 245, 244, 248, 247, 246, 245, 244, 243, 242, 248, 247, 246, 245, 244, 243, 242, 248, 247, 246, 245, 244, 243, 242, 248, 247, 246, 245, 244, 243, 242, 248, 247, 246, 245, 244, 243, 242, 248, 247, 246, 245, 244, 243, 242, 248, 247, 246, 245, 244, 243, 242, 248, 249, 247, 245, 244, 243, 246, 242, 249, 248, 247, 246, 245, 244, 243, 249, 248, 247, 244, 243, 246, 245, 249, 248, 247, 245, 244, 243, 246, 249, 248, 247, 245, 244, 243, 246, 249, 248, 247, 245, 244, 243, 246, 249, 248, 247, 245, 244, 243, 246, 249, 248, 247, 245, 244, 243, 246, 249, 248, 247, 245, 244, 243, 246, 249, 248, 247, 245, 244, 243, 246, 249, 250, 248, 245, 244, 247, 246, 243, 250, 249, 248, 247, 246, 245, 244, 250, 249, 248, 245, 244, 247, 246, 250, 249, 248, 245, 244, 247, 246, 250, 249, 248, 245, 244, 247, 246, 250, 249, 248, 245, 244, 247, 246, 250, 249, 248, 245, 244, 247, 246, 250, 249, 248, 245, 244, 247, 246, 250, 249, 248, 245, 244, 247, 246, 250, 249, 248, 245, 244, 247, 246, 250, 251, 249, 245, 248, 247, 246, 244, 251, 250, 249, 248, 247, 246, 245, 251, 250, 249, 246, 245, 248, 247, 251, 250, 249, 245, 248, 247, 246, 251, 250, 249, 245, 248, 247, 246, 251, 250, 249, 245, 248, 247, 246, 251, 250, 249, 245, 248, 247, 246, 251, 250, 249, 245, 248, 247, 246, 251, 250, 249, 245, 248, 247, 246, 251, 250, 249, 245, 248, 247, 246, 251, 252, 250, 249, 248, 247, 246, 245, 252, 251, 250, 249, 248, 247, 246, 252, 251, 250, 247, 246, 249, 248, 252, 251, 250, 249, 248, 247, 246, 252, 251, 250, 249, 248, 247, 246, 252, 251, 250, 249, 248, 247, 246, 252, 251, 250, 249, 248, 247, 246, 252, 251, 250, 249, 248, 247, 246, 252, 251, 250, 249, 248, 247, 246, 252, 251, 250, 249, 248, 247, 246, 252, 253, 251, 249, 248, 247, 250, 246, 253, 252, 251, 250, 249, 248, 247, 253, 252, 251, 248, 247, 250, 249, 253, 252, 251, 249, 248, 247, 250, 253, 252, 251, 249, 248, 247, 250, 253, 252, 251, 249, 248, 247, 250, 253, 252, 251, 249, 248, 247, 250, 253, 252, 251, 249, 248, 247, 250, 253, 252, 251, 249, 248, 247, 250, 253, 252, 251, 249, 248, 247, 250, 253, 254, 252, 249, 248, 251, 250, 247, 254, 253, 252, 251, 250, 249, 248, 254, 253, 252, 249, 248, 251, 250, 254, 253, 252, 249, 248, 251, 250, 254, 253, 252, 249, 248, 251, 250, 254, 253, 252, 249, 248, 251, 250, 254, 253, 252, 249, 248, 251, 250, 254, 253, 252, 249, 248, 251, 250, 254, 253, 252, 249, 248, 251, 250, 254, 253, 252, 249, 248, 251, 250, 254, 255, 253, 249, 252, 251, 250, 248, 255, 254, 253, 252, 251, 250, 249, 255, 254, 253, 250, 249, 252, 251, 255, 254, 253, 249, 252, 251, 250, 255, 254, 253, 249, 252, 251, 250, 255, 254, 253, 249, 252, 251, 250, 255, 254, 253, 249, 252, 251, 250, 255, 254, 253, 249, 252, 251, 250, 255, 254, 253, 249, 252, 251, 250, 255, 254, 253, 249, 252, 251, 250, 255, 256, 254, 253, 252, 251, 250, 249, 256, 255, 254, 253, 252, 251, 250, 256, 255, 254, 251, 250, 253, 252, 256, 255, 254, 253, 252, 251, 250, 256, 255, 254, 253, 252, 251, 250, 256, 255, 254, 253, 252, 251, 250, 256, 255, 254, 253, 252, 251, 250, 256, 255, 254, 253, 252, 251, 250, 256, 255, 254, 253, 252, 251, 250, 256, 255, 254, 253, 252, 251, 250, 256, 257, 255, 253, 252, 251, 254, 250, 257, 256, 255, 254, 253, 252, 251, 257, 256, 255, 252, 251, 254, 253, 257, 256, 255, 253, 252, 251, 254, 257, 256, 255, 253, 252, 251, 254, 257, 256, 255, 253, 252, 251, 254, 257, 256, 255, 253, 252, 251, 254, 257, 256, 255, 253, 252, 251, 254, 257, 256, 255, 253, 252, 251, 254, 257, 256, 255, 253, 252, 251, 254, 257, 258, 256, 253, 252, 255, 254, 251, 258, 257, 256, 255, 254, 253, 252, 258, 257, 256, 253, 252, 255, 254, 258, 257, 256, 253, 252, 255, 254, 258, 257, 256, 253, 252, 255, 254, 258, 257, 256, 253, 252, 255, 254, 258, 257, 256, 253, 252, 255, 254, 258, 257, 256, 253, 252, 255, 254, 258, 257, 256, 253, 252, 255, 254, 258, 257, 256, 253, 252, 255, 254, 258, 259, 257, 253, 256, 255, 254, 252, 259, 258, 257, 256, 255, 254, 253, 259, 258, 257, 254, 253, 256, 255, 259, 258, 257, 253, 256, 255, 254, 259, 258, 257, 253, 256, 255, 254, 259, 258, 257, 253, 256, 255, 254, 259, 258, 257, 253, 256, 255, 254, 259, 258, 257, 253, 256, 255, 254, 259, 258, 257, 253, 256, 255, 254, 259, 258, 257, 253, 256, 255, 254, 259, 260, 258, 257, 256, 255, 254, 253, 260, 259, 258, 257, 256, 255, 254, 260, 259, 258, 255, 254, 257, 256, 260, 259, 258, 257, 256, 255, 254, 260, 259, 258, 257, 256, 255, 254, 260, 259, 258, 257, 256, 255, 254, 260, 259, 258, 257, 256, 255, 254, 260, 259, 258, 257, 256, 255, 254, 260, 259, 258, 257, 256, 255, 254, 260, 259, 258, 257, 256, 255, 254, 260, 261, 259, 257, 256, 255, 258, 254, 261, 260, 259, 258, 257, 256, 255, 261, 260, 259, 256, 255, 258, 257, 261, 260, 259, 257, 256, 255, 258, 261, 260, 259, 257, 256, 255, 258, 261, 260, 259, 257, 256, 255, 258, 261, 260, 259, 257, 256, 255, 258, 261, 260, 259, 257, 256, 255, 258, 261, 260, 259, 257, 256, 255, 258, 261, 260, 259, 257, 256, 255, 258, 261, 262, 260, 257, 256, 259, 258, 255, 262, 261, 260, 259, 258, 257, 256, 262, 261, 260, 257, 256, 259, 258, 262, 261, 260, 257, 256, 259, 258, 262, 261, 260, 257, 256, 259, 258, 262, 261, 260, 257, 256, 259, 258, 262, 261, 260, 257, 256, 259, 258, 262, 261, 260, 257, 256, 259, 258, 262, 261, 260, 257, 256, 259, 258, 262, 261, 260, 257, 256, 259, 258, 262, 263, 261, 257, 260, 259, 258, 256, 263, 262, 261, 260, 259, 258, 257, 263, 262, 261, 258, 257, 260, 259, 263, 262, 261, 257, 260, 259, 258, 263, 262, 261, 257, 260, 259, 258, 263, 262, 261, 257, 260, 259, 258, 263, 262, 261, 257, 260, 259, 258, 263, 262, 261, 257, 260, 259, 258, 263, 262, 261, 257, 260, 259, 258, 263, 262, 261, 257, 260, 259, 258, 263, 264, 262, 261, 260, 259, 258, 257, 264, 263, 262, 261, 260, 259, 258, 264, 263, 262, 259, 258, 261, 260, 264, 263, 262, 261, 260, 259, 258, 264, 263, 262, 261, 260, 259, 258, 264, 263, 262, 261, 260, 259, 258, 264, 263, 262, 261, 260, 259, 258, 264, 263, 262, 261, 260, 259, 258, 264, 263, 262, 261, 260, 259, 258, 264, 263, 262, 261, 260, 259, 258, 264, 265, 263, 261, 260, 259, 262, 258, 265, 264, 263, 262, 261, 260, 259, 265, 264, 263, 260, 259, 262, 261, 265, 264, 263, 261, 260, 259, 262, 265, 264, 263, 261, 260, 259, 262, 265, 264, 263, 261, 260, 259, 262, 265, 264, 263, 261, 260, 259, 262, 265, 264, 263, 261, 260, 259, 262, 265, 264, 263, 261, 260, 259, 262, 265, 264, 263, 261, 260, 259, 262, 265, 266, 264, 261, 260, 263, 262, 259, 266, 265, 264, 263, 262, 261, 260, 266, 265, 264, 261, 260, 263, 262, 266, 265, 264, 261, 260, 263, 262, 266, 265, 264, 261, 260, 263, 262, 266, 265, 264, 261, 260, 263, 262, 266, 265, 264, 261, 260, 263, 262, 266, 265, 264, 261, 260, 263, 262, 266, 265, 264, 261, 260, 263, 262, 266, 265, 264, 261, 260, 263, 262, 266, 267, 265, 261, 264, 263, 262, 260, 267, 266, 265, 264, 263, 262, 261, 267, 266, 265, 262, 261, 264, 263, 267, 266, 265, 261, 264, 263, 262, 267, 266, 265, 261, 264, 263, 262, 267, 266, 265, 261, 264, 263, 262, 267, 266, 265, 261, 264, 263, 262, 267, 266, 265, 261, 264, 263, 262, 267, 266, 265, 261, 264, 263, 262, 267, 266, 265, 261, 264, 263, 262, 267, 268, 266, 265, 264, 263, 262, 261, 268, 267, 266, 265, 264, 263, 262, 268, 267, 266, 263, 262, 265, 264, 268, 267, 266, 265, 264, 263, 262, 268, 267, 266, 265, 264, 263, 262, 268, 267, 266, 265, 264, 263, 262, 268, 267, 266, 265, 264, 263, 262, 268, 267, 266, 265, 264, 263, 262, 268, 267, 266, 265, 264, 263, 262, 268, 267, 266, 265, 264, 263, 262, 268, 269, 267, 265, 264, 263, 266, 262, 269, 268, 267, 266, 265, 264, 263, 269, 268, 267, 264, 263, 266, 265, 269, 268, 267, 265, 264, 263, 266, 269, 268, 267, 265, 264, 263, 266, 269, 268, 267, 265, 264, 263, 266, 269, 268, 267, 265, 264, 263, 266, 269, 268, 267, 265, 264, 263, 266, 269, 268, 267, 265, 264, 263, 266, 269, 268, 267, 265, 264, 263, 266, 269, 270, 268, 265, 264, 267, 266, 263, 270, 269, 268, 267, 266, 265, 264, 270, 269, 268, 265, 264, 267, 266, 270, 269, 268, 265, 264, 267, 266, 270, 269, 268, 265, 264, 267, 266, 270, 269, 268, 265, 264, 267, 266, 270, 269, 268, 265, 264, 267, 266, 270, 269, 268, 265, 264, 267, 266, 270, 269, 268, 265, 264, 267, 266, 270, 269, 268, 265, 264, 267, 266, 270, 271, 269, 265, 268, 267, 266, 264, 271, 270, 269, 268, 267, 266, 265, 271, 270, 269, 266, 265, 268, 267, 271, 270, 269, 265, 268, 267, 266, 271, 270, 269, 265, 268, 267, 266, 271, 270, 269, 265, 268, 267, 266, 271, 270, 269, 265, 268, 267, 266, 271, 270, 269, 265, 268, 267, 266, 271, 270, 269, 265, 268, 267, 266, 271, 270, 269, 265, 268, 267, 266, 271, 272, 270, 269, 268, 267, 266, 265, 272, 271, 270, 269, 268, 267, 266, 272, 271, 270, 267, 266, 269, 268, 272, 271, 270, 269, 268, 267, 266, 272, 271, 270, 269, 268, 267, 266, 272, 271, 270, 269, 268, 267, 266, 272, 271, 270, 269, 268, 267, 266, 272, 271, 270, 269, 268, 267, 266, 272, 271, 270, 269, 268, 267, 266, 272, 271, 270, 269, 268, 267, 266, 272, 273, 271, 269, 268, 267, 270, 266, 273, 272, 271, 270, 269, 268, 267, 273, 272, 271, 268, 267, 270, 269, 273, 272, 271, 269, 268, 267, 270, 273, 272, 271, 269, 268, 267, 270, 273, 272, 271, 269, 268, 267, 270, 273, 272, 271, 269, 268, 267, 270, 273, 272, 271, 269, 268, 267, 270, 273, 272, 271, 269, 268, 267, 270, 273, 272, 271, 269, 268, 267, 270, 273, 274, 272, 269, 268, 271, 270, 267, 274, 273, 272, 271, 270, 269, 268, 274, 273, 272, 269, 268, 271, 270, 274, 273, 272, 269, 268, 271, 270, 274, 273, 272, 269, 268, 271, 270, 274, 273, 272, 269, 268, 271, 270, 274, 273, 272, 269, 268, 271, 270, 274, 273, 272, 269, 268, 271, 270, 274, 273, 272, 269, 268, 271, 270, 274, 273, 272, 269, 268, 271, 270, 274, 275, 273, 269, 272, 271, 270, 268, 275, 274, 273, 272, 271, 270, 269, 275, 274, 273, 270, 269, 272, 271, 275, 274, 273, 269, 272, 271, 270, 275, 274, 273, 269, 272, 271, 270, 275, 274, 273, 269, 272, 271, 270, 275, 274, 273, 269, 272, 271, 270, 275, 274, 273, 269, 272, 271, 270, 275, 274, 273, 269, 272, 271, 270, 275, 274, 273, 269, 272, 271, 270, 275, 276, 274, 273, 272, 271, 270, 269, 276, 275, 274, 273, 272, 271, 270, 276, 275, 274, 271, 270, 273, 272, 276, 275, 274, 273, 272, 271, 270, 276, 275, 274, 273, 272, 271, 270, 276, 275, 274, 273, 272, 271, 270, 276, 275, 274, 273, 272, 271, 270, 276, 275, 274, 273, 272, 271, 270, 276, 275, 274, 273, 272, 271, 270, 276, 275, 274, 273, 272, 271, 270, 276, 277, 275, 273, 272, 271, 274, 270, 277, 276, 275, 274, 273, 272, 271, 277, 276, 275, 272, 271, 274, 273, 277, 276, 275, 273, 272, 271, 274, 277, 276, 275, 273, 272, 271, 274, 277, 276, 275, 273, 272, 271, 274, 277, 276, 275, 273, 272, 271, 274, 277, 276, 275, 273, 272, 271, 274, 277, 276, 275, 273, 272, 271, 274, 277, 276, 275, 273, 272, 271, 274, 277, 278, 276, 273, 272, 275, 274, 271, 278, 277, 276, 275, 274, 273, 272, 278, 277, 276, 273, 272, 275, 274, 278, 277, 276, 273, 272, 275, 274, 278, 277, 276, 273, 272, 275, 274, 278, 277, 276, 273, 272, 275, 274, 278, 277, 276, 273, 272, 275, 274, 278, 277, 276, 273, 272, 275, 274, 278, 277, 276, 273, 272, 275, 274, 278, 277, 276, 273, 272, 275, 274, 278, 279, 277, 273, 276, 275, 274, 272, 279, 278, 277, 276, 275, 274, 273, 279, 278, 277, 274, 273, 276, 275, 279, 278, 277, 273, 276, 275, 274, 279, 278, 277, 273, 276, 275, 274, 279, 278, 277, 273, 276, 275, 274, 279, 278, 277, 273, 276, 275, 274, 279, 278, 277, 273, 276, 275, 274, 279, 278, 277, 273, 276, 275, 274, 279, 278, 277, 273, 276, 275, 274, 279, 280, 278, 277, 276, 275, 274, 273, 280, 279, 278, 277, 276, 275, 274, 280, 279, 278, 275, 274, 277, 276, 280, 279, 278, 277, 276, 275, 274, 280, 279, 278, 277, 276, 275, 274, 280, 279, 278, 277, 276, 275, 274, 280, 279, 278, 277, 276, 275, 274, 280, 279, 278, 277, 276, 275, 274, 280, 279, 278, 277, 276, 275, 274, 280, 279, 278, 277, 276, 275, 274, 280, 281, 279, 277, 276, 275, 278, 274, 281, 280, 279, 278, 277, 276, 275, 281, 280, 279, 276, 275, 278, 277, 281, 280, 279, 277, 276, 275, 278, 281, 280, 279, 277, 276, 275, 278, 281, 280, 279, 277, 276, 275, 278, 281, 280, 279, 277, 276, 275, 278, 281, 280, 279, 277, 276, 275, 278, 281, 280, 279, 277, 276, 275, 278, 281, 280, 279, 277, 276, 275, 278, 281, 282, 280, 277, 276, 279, 278, 275, 282, 281, 280, 279, 278, 277, 276, 282, 281, 280, 277, 276, 279, 278, 282, 281, 280, 277, 276, 279, 278, 282, 281, 280, 277, 276, 279, 278, 282, 281, 280, 277, 276, 279, 278, 282, 281, 280, 277, 276, 279, 278, 282, 281, 280, 277, 276, 279, 278, 282, 281, 280, 277, 276, 279, 278, 282, 281, 280, 277, 276, 279, 278, 282, 283, 281, 277, 280, 279, 278, 276, 283, 282, 281, 280, 279, 278, 277, 283, 282, 281, 278, 277, 280, 279, 283, 282, 281, 277, 280, 279, 278, 283, 282, 281, 277, 280, 279, 278, 283, 282, 281, 277, 280, 279, 278, 283, 282, 281, 277, 280, 279, 278, 283, 282, 281, 277, 280, 279, 278, 283, 282, 281, 277, 280, 279, 278, 283, 282, 281, 277, 280, 279, 278, 283, 284, 282, 281, 280, 279, 278, 277, 284, 283, 282, 281, 280, 279, 278, 284, 283, 282, 279, 278, 281, 280, 284, 283, 282, 281, 280, 279, 278, 284, 283, 282, 281, 280, 279, 278, 284, 283, 282, 281, 280, 279, 278, 284, 283, 282, 281, 280, 279, 278, 284, 283, 282, 281, 280, 279, 278, 284, 283, 282, 281, 280, 279, 278, 284, 283, 282, 281, 280, 279, 278, 284, 285, 283, 281, 280, 279, 282, 278, 285, 284, 283, 282, 281, 280, 279, 285, 284, 283, 280, 279, 282, 281, 285, 284, 283, 281, 280, 279, 282, 285, 284, 283, 281, 280, 279, 282, 285, 284, 283, 281, 280, 279, 282, 285, 284, 283, 281, 280, 279, 282, 285, 284, 283, 281, 280, 279, 282, 285, 284, 283, 281, 280, 279, 282, 285, 284, 283, 281, 280, 279, 282, 285, 286, 284, 281, 280, 283, 282, 279, 286, 285, 284, 283, 282, 281, 280, 286, 285, 284, 281, 280, 283, 282, 286, 285, 284, 281, 280, 283, 282, 286, 285, 284, 281, 280, 283, 282, 286, 285, 284, 281, 280, 283, 282, 286, 285, 284, 281, 280, 283, 282, 286, 285, 284, 281, 280, 283, 282, 286, 285, 284, 281, 280, 283, 282, 286, 285, 284, 281, 280, 283, 282, 286, 287, 285, 281, 284, 283, 282, 280, 287, 286, 285, 284, 283, 282, 281, 287, 286, 285, 282, 281, 284, 283, 287, 286, 285, 281, 284, 283, 282, 287, 286, 285, 281, 284, 283, 282, 287, 286, 285, 281, 284, 283, 282, 287, 286, 285, 281, 284, 283, 282, 287, 286, 285, 281, 284, 283, 282, 287, 286, 285, 281, 284, 283, 282, 287, 286, 285, 281, 284, 283, 282, 287, 288, 286, 285, 284, 283, 282, 281, 288, 287, 286, 285, 284, 283, 282, 288, 287, 286, 283, 282, 285, 284, 288, 287, 286, 285, 284, 283, 282, 288, 287, 286, 285, 284, 283, 282, 288, 287, 286, 285, 284, 283, 282, 288, 287, 286, 285, 284, 283, 282, 288, 287, 286, 285, 284, 283, 282, 288, 287, 286, 285, 284, 283, 282, 288, 287, 286, 285, 284, 283, 282, 288, 289, 287, 285, 284, 283, 286, 282, 289, 288, 287, 286, 285, 284, 283, 289, 288, 287, 284, 283, 286, 285, 289, 288, 287, 285, 284, 283, 286, 289, 288, 287, 285, 284, 283, 286, 289, 288, 287, 285, 284, 283, 286, 289, 288, 287, 285, 284, 283, 286, 289, 288, 287, 285, 284, 283, 286, 289, 288, 287, 285, 284, 283, 286, 289, 288, 287, 285, 284, 283, 286, 289, 290, 288, 285, 284, 287, 286, 283, 290, 289, 288, 287, 286, 285, 284, 290, 289, 288, 285, 284, 287, 286, 290, 289, 288, 285, 284, 287, 286, 290, 289, 288, 285, 284, 287, 286, 290, 289, 288, 285, 284, 287, 286, 290, 289, 288, 285, 284, 287, 286, 290, 289, 288, 285, 284, 287, 286, 290, 289, 288, 285, 284, 287, 286, 290, 289, 288, 285, 284, 287, 286, 290, 291, 289, 285, 288, 287, 286, 284, 291, 290, 289, 288, 287, 286, 285, 291, 290, 289, 286, 285, 288, 287, 291, 290, 289, 285, 288, 287, 286, 291, 290, 289, 285, 288, 287, 286, 291, 290, 289, 285, 288, 287, 286, 291, 290, 289, 285, 288, 287, 286, 291, 290, 289, 285, 288, 287, 286, 291, 290, 289, 285, 288, 287, 286, 291, 290, 289, 285, 288, 287, 286, 291, 292, 290, 289, 288, 287, 286, 285, 292, 291, 290, 289, 288, 287, 286, 292, 291, 290, 287, 286, 289, 288, 292, 291, 290, 289, 288, 287, 286, 292, 291, 290, 289, 288, 287, 286, 